1800.0,-38.8,-11882.5,-11802.0
1800.0,-72.1,-11700.7,-11578.7
1800.0,-129.3,-11436.1,-11273.1
1800.0,-171.0,-11089.8,-10886.4
1800.0,-195.2,-10663.4,-10420.9
1800.0,-246.3,-10159.3,-9879.0
1800.0,-258.0,-9580.5,-9264.2
1800.0,-291.8,-8930.5,-8580.1
1800.0,-319.4,-8213.5,-7831.2
1800.0,-327.8,-7434.0,-7022.4
1800.0,-361.2,-6597.3,-6159.2
1800.0,-386.6,-5709.0,-5247.5
1800.0,-408.6,-4775.5,-4293.8
1800.0,-435.4,-3803.3,-3304.9
1800.0,-457.9,-2799.4,-2287.9
1800.0,-481.1,-1771.3,-1250.4
1800.0,-498.4,-726.5,-200.3
1800.0,-507.7,327.1,854.6
1800.0,-512.5,1381.2,1906.0
1800.0,-489.8,2427.8,2945.6
1800.0,-502.1,3458.4,3965.2
1800.0,-491.9,4464.9,4956.4
1800.0,-469.1,5438.9,5911.2
1800.0,-438.0,6372.5,6821.6
1800.0,-403.8,7257.7,7679.7
1800.0,-367.6,8086.9,8478.2
1800.0,-322.3,8852.9,9210.0
1800.0,-280.5,9548.9,9868.5
1800.0,-250.0,10168.4,10447.6
1800.0,-227.8,10705.6,10941.8
1800.0,-211.6,11155.4,11346.0
1800.0,-175.1,11513.1,11656.3
1800.0,-127.7,11775.0,11869.0
1800.0,-47.6,11937.9,11981.4
1800.0,11.1,11999.5,11991.8
1800.0,67.9,11958.4,11899.1
1800.0,117.1,11814.0,11703.2
1800.0,175.8,11566.7,11404.8
1800.0,222.1,11217.7,11005.6
1800.0,334.9,10769.1,10508.3
1800.0,357.3,10224.0,9916.5
1800.0,378.5,9586.4,9234.4
1800.0,417.7,8861.2,8467.5
1800.0,423.2,8054.1,7621.9
1800.0,473.7,7171.7,6704.6
1800.0,476.4,6221.4,5723.3
1800.0,511.5,5211.3,4686.5
1800.0,538.7,4150.1,3603.4
1800.0,566.7,3047.4,2483.4
1800.0,593.9,1912.8,1336.9
1800.0,613.1,757.0,174.4
1800.0,624.8,-409.4,-993.2
1800.0,622.3,-1575.5,-2154.9
1800.0,636.1,-2730.0,-3299.4
1800.0,623.1,-3861.7,-4415.5
1800.0,602.9,-4959.4,-5492.2
1800.0,576.4,-6012.3,-6518.5
1800.0,551.6,-7009.4,-7483.9
1800.0,516.9,-7940.6,-8378.4
1800.0,474.7,-8796.0,-9192.3
1800.0,429.7,-9566.3,-9916.9
1800.0,376.0,-10243.1,-10544.0
1800.0,330.1,-10818.7,-11066.3
1800.0,280.7,-11286.2,-11477.7
1800.0,244.6,-11640.1,-11772.9
1800.0,206.6,-11875.6,-11947.8
1800.0,164.6,-11989.2,-11999.6
1800.0,134.0,-11978.7,-11926.5
1800.0,97.7,-11842.9,-11728.2
1800.0,39.1,-11582.3,-11405.6
1800.0,1.2,-11198.5,-10961.2
1800.0,-50.8,-10694.3,-10398.5
1800.0,-83.9,-10074.3,-9722.5
1800.0,-123.6,-9343.9,-8939.5
1800.0,-159.0,-8510.2,-8057.1
1800.0,-198.8,-7581.3,-7084.0
1800.0,-228.5,-6566.4,-6030.1
1800.0,-268.7,-5476.2,-4906.4
1800.0,-311.3,-4322.0,-3724.7
1800.0,-350.8,-3116.1,-2497.8
1800.0,-376.7,-1871.6,-1239.2
1800.0,-402.7,-602.3,37.3
1800.0,-416.5,677.7,1317.1
1800.0,-424.9,1953.8,2585.7
1800.0,-413.5,3211.2,3828.3
1800.0,-416.2,4435.2,5030.1
1800.0,-403.6,5611.3,6176.9
1800.0,-380.7,6725.2,7254.5
1800.0,-349.8,7763.3,8249.7
1800.0,-325.9,8712.4,9149.9
1800.0,-291.6,9560.6,9943.3
1800.0,-253.6,10296.7,10619.6
1800.0,-225.8,10910.8,11169.4
1800.0,-176.7,11394.3,11584.9
1800.0,-140.9,11740.2,11859.8
1800.0,-102.7,11943.0,11989.5
1800.0,-64.8,11998.9,11971.0
1800.0,-24.5,11905.8,11803.2
1800.0,19.8,11663.5,11486.9
1800.0,67.8,11273.9,11024.8
1800.0,125.2,10740.4,10421.4
1800.0,183.2,10068.6,9683.1
1800.0,231.8,9265.9,8818.2
1800.0,274.6,8341.4,7836.9
1800.0,319.9,7306.1,6750.7
1800.0,357.4,6172.4,5573.0
1800.0,397.7,4954.4,4318.5
1800.0,425.6,3667.4,3003.1
1800.0,452.7,2327.8,1643.8
1800.0,482.2,953.2,258.4
1800.0,498.5,-438.3,-1134.6
1800.0,505.8,-1828.1,-2516.5
1800.0,502.1,-3197.2,-3868.0
1800.0,502.6,-4526.6,-5170.7
1800.0,488.0,-5797.7,-6405.8
1800.0,469.0,-6992.4,-7555.7
1800.0,444.6,-8093.3,-8603.4
1800.0,405.8,-9084.1,-9533.5
1800.0,363.5,-9949.8,-10331.5
1800.0,326.5,-10677.1,-10985.1
1800.0,286.5,-11254.3,-11483.5
1800.0,244.0,-11671.7,-11818.1
1800.0,194.8,-11921.9,-11982.6
1800.0,142.0,-11999.7,-11973.1
1800.0,78.9,-11902.5,-11788.2
1800.0,9.7,-11630.1,-11428.9
1800.0,-34.8,-11185.0,-10899.1
1800.0,-87.2,-10572.2,-10205.2
1800.0,-141.9,-9799.4,-9356.1
1800.0,-174.6,-8876.8,-8363.2
1800.0,-232.3,-7817.0,-7240.3
1800.0,-253.9,-6635.0,-6003.4
1800.0,-331.1,-5347.8,-4670.6
1800.0,-353.5,-3974.4,-3261.6
1800.0,-382.3,-2535.1,-1797.7
1800.0,-407.8,-1052.1,-301.2
1800.0,-429.9,451.9,1204.4
1800.0,-444.1,1953.2,2695.5
1800.0,-448.3,3428.1,4148.1
1800.0,-437.1,4852.5,5538.5
1800.0,-434.7,6203.2,6843.8
1800.0,-423.6,7457.5,8041.9
1800.0,-397.3,8594.4,9112.5
1800.0,-358.6,9593.9,10036.6
1800.0,-330.7,10438.5,10797.8
1800.0,-292.8,11112.7,11381.8
1800.0,-256.7,11603.8,11777.4
1800.0,-230.4,11901.8,11976.1
1800.0,-211.2,12000.0,11972.9
1800.0,-178.1,11894.9,11766.0
1800.0,-129.8,11586.5,11357.0
1800.0,-74.5,11078.3,10751.3
1800.0,-12.4,10377.2,9957.5
1800.0,37.1,9493.7,8987.8
1800.0,88.8,8441.7,7857.6
1800.0,141.8,7238.0,6585.5
1800.0,192.1,5902.8,5192.8
1800.0,238.6,4458.5,3703.2
1800.0,280.9,2930.1,2142.6
1800.0,313.4,1344.3,538.7
1800.0,345.8,-270.5,-1079.7
1800.0,361.0,-1885.2,-2683.3
1800.0,377.7,-3470.1,-4242.2
1800.0,375.5,-4995.8,-5727.4
1800.0,374.9,-6433.3,-7110.3
1800.0,363.0,-7755.1,-8364.3
1800.0,340.1,-8935.0,-9464.4
1800.0,301.6,-9949.8,-10388.5
1800.0,273.6,-10778.4,-11117.3
1800.0,239.8,-11403.4,-11635.1
1800.0,206.0,-11810.9,-11929.9
1800.0,166.1,-11991.1,-11994.1
1800.0,121.1,-11938.5,-11824.3
1800.0,88.3,-11651.8,-11421.7
1800.0,32.2,-11134.8,-10792.2
1800.0,-12.9,-10395.5,-9946.4
1800.0,-45.8,-9446.8,-8899.1
1800.0,-90.9,-8305.8,-7669.6
1800.0,-142.0,-6993.7,-6281.3
1800.0,-165.0,-5535.8,-4760.9
1800.0,-198.3,-3960.5,-3138.6
1800.0,-236.9,-2299.2,-1446.7
1800.0,-253.7,-585.3,280.2
1800.0,-275.6,1145.7,2006.5
1800.0,-293.6,2858.0,3695.8
1800.0,-286.9,4515.2,5312.1
1800.0,-279.4,6081.9,6820.5
1800.0,-275.9,7523.6,8187.6
1800.0,-261.9,8808.6,9383.0
1800.0,-251.8,9907.4,10379.0
1800.0,-233.6,10794.8,11152.4
1800.0,-220.4,11449.4,11684.1
1800.0,-210.8,11854.8,11960.3
1800.0,-203.7,11999.7,11972.5
1800.0,-165.4,11878.6,11718.2
1800.0,-120.6,11491.8,11200.5
1800.0,-56.8,10845.6,10428.9
1800.0,7.7,9952.3,9418.5
1800.0,54.7,8830.1,8190.2
1800.0,106.2,7502.4,6770.4
1800.0,152.8,5998.2,5190.0
1800.0,185.2,4350.5,3484.5
1800.0,246.5,2596.7,1692.4
1800.0,285.4,776.7,-144.7
1800.0,313.7,-1066.9,-1984.0
1800.0,324.0,-2890.7,-3781.5
1800.0,324.0,-4651.0,-5493.9
1800.0,330.5,-6304.9,-7079.1
1800.0,323.9,-7811.5,-8497.6
1800.0,305.7,-9132.9,-9713.4
1800.0,286.0,-10235.1,-10694.7
1800.0,266.4,-11089.0,-11415.2
1800.0,237.1,-11671.2,-11854.8
1800.0,215.8,-11964.8,-12000.0
1800.0,200.2,-11959.8,-11844.3
1800.0,188.3,-11653.8,-11389.1
1800.0,179.5,-11051.7,-10643.3
1800.0,120.5,-10166.3,-9623.3
1800.0,58.0,-9017.6,-8352.9
1800.0,7.2,-7633.0,-6862.6
1800.0,-35.4,-6046.3,-5189.4
1800.0,-74.6,-4297.2,-3375.3
1800.0,-114.8,-2429.9,-1467.1
1800.0,-150.4,-493.1,485.7
1800.0,-177.6,1462.8,2431.4
1800.0,-191.2,3385.2,4317.7
1800.0,-198.9,5222.4,6093.1
1800.0,-199.0,6923.8,7708.6
1800.0,-189.9,8441.9,9118.4
1800.0,-183.4,9733.4,10282.2
1800.0,-178.5,10760.7,11165.4
1800.0,-175.0,11493.0,11741.0
1800.0,-172.5,11907.2,11990.1
1800.0,-145.3,11988.8,11902.8
1800.0,-125.4,11732.5,11478.6
1800.0,-78.1,11142.5,10726.4
1800.0,-13.7,10232.8,9664.9
1800.0,21.5,9026.6,8322.0
1800.0,60.9,7556.0,6733.9
1800.0,87.6,5861.6,4944.9
1800.0,123.7,3990.7,3005.6
1800.0,166.2,1996.9,971.9
1800.0,197.9,-61.9,-1096.8
1800.0,218.7,-2125.0,-3138.8
1800.0,230.4,-4130.6,-5092.7
1800.0,232.6,-6017.7,-6898.4
1800.0,228.8,-7728.0,-8500.0
1800.0,229.2,-9208.0,-9846.3
1800.0,212.6,-10409.9,-10893.9
1800.0,200.5,-11294.3,-11607.5
1800.0,191.7,-11830.8,-11961.9
1800.0,178.2,-11999.5,-11942.9
1800.0,140.9,-11791.9,-11547.5
1800.0,113.8,-11211.1,-10785.1
1800.0,75.8,-10272.3,-9676.5
1800.0,28.6,-9002.2,-8254.4
1800.0,-11.9,-7438.8,-6561.7
1800.0,-64.0,-5630.0,-4651.0
1800.0,-106.8,-3632.7,-2582.9
1800.0,-145.5,-1510.3,-423.7
1800.0,-187.3,667.9,1755.8
1800.0,-204.5,2830.7,3883.5
1800.0,-209.6,4905.3,5887.6
1800.0,-213.3,6821.7,7699.6
1800.0,-209.1,8513.5,9256.4
1800.0,-209.7,9921.5,10502.7
1800.0,-197.7,10994.7,11393.0
1800.0,-180.3,11693.5,11893.4
1800.0,-147.0,11990.3,11983.0
1800.0,-122.5,11871.1,11655.1
1800.0,-67.2,11336.4,10917.4
1800.0,-26.9,10401.3,9792.3
1800.0,22.6,9095.3,8316.3
1800.0,51.9,7461.6,6538.8
1800.0,84.7,5555.8,4521.2
1800.0,122.5,3444.1,2334.2
1800.0,164.4,1201.3,55.9
1800.0,196.3,-1091.8,-2231.3
1800.0,219.2,-3351.8,-4443.1
1800.0,219.9,-5494.7,-6497.0
1800.0,222.4,-7440.1,-8315.1
1800.0,225.6,-9113.3,-9827.0
1800.0,212.9,-10449.1,-10973.2
1800.0,202.7,-11393.9,-11706.7
1800.0,195.2,-11908.2,-11996.0
1800.0,189.8,-11968.7,-11825.9
1800.0,185.9,-11568.7,-11198.9
1800.0,186.5,-10719.7,-10135.3
1800.0,170.5,-9450.8,-8672.6
1800.0,85.3,-7807.9,-6864.8
1800.0,37.2,-5852.4,-4780.3
1800.0,-15.8,-3659.0,-2499.6
1800.0,-52.5,-1313.4,-112.1
1800.0,-102.6,1092.1,2286.9
1800.0,-134.0,3460.4,4600.5
1800.0,-155.5,5695.4,6733.5
1800.0,-159.6,7704.2,8597.0
1800.0,-159.3,9402.5,10111.7
1800.0,-159.0,10717.0,11211.7
1800.0,-146.5,11589.9,11847.2
1800.0,-137.4,11980.4,11987.5
1800.0,-114.1,11867.9,11622.3
1800.0,-83.2,11252.6,10762.4
1800.0,-50.3,10156.3,9440.2
1800.0,-9.0,8621.6,7708.5
1800.0,37.3,6710.6,5638.4
1800.0,81.5,4503.2,3317.0
1800.0,121.2,2092.6,843.5
1800.0,161.8,-416.7,-1674.3
1800.0,195.7,-2915.2,-4125.5
1800.0,208.3,-5291.5,-6400.1
1800.0,227.3,-7438.6,-8394.8
1800.0,226.8,-9257.6,-10016.8
1800.0,219.0,-10663.5,-11189.6
1800.0,213.3,-11588.5,-11855.2
1800.0,194.2,-11986.1,-11978.9
1800.0,159.5,-11833.1,-11549.9
1800.0,116.3,-11131.9,-10583.2
1800.0,84.8,-9909.9,-9119.3
1800.0,45.2,-8220.1,-7222.4
1800.0,16.7,-6137.7,-4978.6
1800.0,-18.0,-3758.2,-2491.2
1800.0,-52.1,-1192.3,122.7
1800.0,-94.3,1438.3,2738.4
1800.0,-123.7,4007.3,5229.2
1800.0,-145.1,6389.2,7472.7
1800.0,-151.3,8466.0,9356.6
1800.0,-150.6,10132.8,10784.8
1800.0,-147.9,11303.6,11682.3
1800.0,-145.8,11915.6,11999.7
1800.0,-144.4,11933.1,11715.8
1800.0,-143.3,11350.0,10839.6
1800.0,-151.3,10190.5,9410.3
1800.0,-122.3,8508.5,7495.9
1800.0,-73.6,6385.4,5190.6
1800.0,-10.4,3926.9,2610.2
1800.0,39.5,1257.5,-113.7
1800.0,89.0,-1485.3,-2839.6
1800.0,127.9,-4158.4,-5424.1
1800.0,155.7,-6619.7,-7728.9
1800.0,161.0,-8736.7,-9628.9
1800.0,161.6,-10393.1,-11018.4
1800.0,162.0,-11495.7,-11818.0
1800.0,162.3,-11980.0,-11979.0
1800.0,162.6,-11814.1,-11486.9
1800.0,162.7,-11001.2,-10363.0
1800.0,162.9,-9580.3,-8663.5
1800.0,118.7,-7624.7,-6477.9
1800.0,56.0,-5238.6,-3923.8
1800.0,-8.2,-2551.8,-1141.8
1800.0,-62.6,286.6,1713.1
1800.0,-101.8,3117.3,4479.0
1800.0,-136.0,5778.3,6996.6
1800.0,-147.0,8115.6,9118.9
1800.0,-149.7,9991.1,10719.3
1800.0,-146.6,11291.9,11700.0
1800.0,-144.2,11936.7,11997.9
1800.0,-142.5,11881.8,11589.3
1800.0,-141.3,11124.1,10492.2
1800.0,-147.2,9702.4,8765.9
1800.0,-118.1,7696.1,6508.4
1800.0,-74.4,5220.4,3851.2
1800.0,-22.7,2421.3,952.4
1800.0,18.5,-533.4,-2013.2
1800.0,55.8,-3464.2,-4863.7
1800.0,85.5,-6189.9,-7421.9
1800.0,101.4,-8539.9,-9525.8
1800.0,108.4,-10363.8,-11039.9
1800.0,113.5,-11542.8,-11863.5
1800.0,117.2,-11996.3,-11938.2
1800.0,119.9,-11689.2,-11252.6
1800.0,104.3,-10634.4,-9843.8
1800.0,76.1,-8892.9,-7796.4
1800.0,38.2,-6571.3,-5237.2
1800.0,-10.2,-3815.4,-2328.8
1800.0,-56.2,-801.8,740.9
1800.0,-92.3,2273.6,3770.8
1800.0,-123.9,5207.2,6558.9
1800.0,-132.2,7802.7,8917.2
1800.0,-135.4,9882.8,10682.9
1800.0,-134.2,11302.9,11731.5
1800.0,-145.6,11960.5,11985.1
1800.0,-154.0,11804.0,11419.4
1800.0,-160.0,10837.1,10066.0
1800.0,-164.5,9119.0,8011.6
1800.0,-138.4,6762.6,5393.1
1800.0,-119.5,3926.7,2388.9
1800.0,-72.8,806.5,-792.3
1800.0,-23.8,-2379.7,-3926.9
1800.0,16.1,-5406.1,-6790.3
1800.0,45.2,-8054.4,-9174.9
1800.0,64.5,-10130.9,-10904.1
1800.0,78.6,-11479.7,-11846.4
1800.0,88.8,-11996.4,-11926.0
1800.0,96.3,-11635.4,-11129.2
1800.0,101.7,-10415.7,-9507.4
1800.0,50.8,-8420.1,-7173.6
1800.0,-9.5,-5790.5,-4296.2
1800.0,-55.0,-2718.7,-1087.2
1800.0,-81.1,567.4,2213.7
1800.0,-109.5,3819.9,5355.4
1800.0,-133.8,6790.2,8096.2
1800.0,-138.2,9247.3,10220.7
1800.0,-140.7,10996.7,11559.0
1800.0,-136.1,11895.9,11999.6
1800.0,-132.7,11867.0,11499.8
1800.0,-130.2,10904.1,10090.8
1800.0,-106.3,9075.1,7876.3
1800.0,-77.5,6518.0,5026.3
1800.0,-45.8,3431.0,1763.9
1800.0,-10.0,58.5,-1650.4
1800.0,33.3,-3328.4,-4940.7
1800.0,69.5,-6453.9,-7836.2
1800.0,89.0,-9058.8,-10095.4
1800.0,101.6,-10923.7,-11525.3
1800.0,105.0,-11886.9,-11999.7
1800.0,107.4,-11860.1,-11470.0
1800.0,109.2,-10836.6,-9972.2
1800.0,91.0,-8894.1,-7624.6
1800.0,66.4,-6189.7,-4619.7
1800.0,37.7,-2947.8,-1209.9
1800.0,3.7,557.0,2314.4
1800.0,-37.6,4023.9,5648.0
1800.0,-67.7,7150.4,8497.9
1800.0,-85.4,9659.8,10609.6
1800.0,-98.4,11325.1,11789.6
1800.0,-100.0,11991.4,11924.8
1800.0,-101.2,11590.2,10993.9
1800.0,-85.2,10148.1,9071.0
1800.0,-62.1,7786.1,6321.6
1800.0,-34.2,4710.3,2988.5
1800.0,7.5,1195.5,-627.9
1800.0,38.0,-2439.5,-4197.2
1800.0,72.9,-5859.6,-7387.6
1800.0,93.8,-8744.8,-9898.5
1800.0,109.7,-10820.6,-11488.2
1800.0,113.8,-11884.4,-11998.6
1800.0,112.2,-11826.6,-11371.5
1800.0,98.7,-10642.7,-9656.7
1800.0,72.0,-8436.1,-7009.5
1800.0,52.5,-5410.4,-3677.1
1800.0,13.2,-1851.4,22.2
1800.0,-17.3,1898.2,3730.3
1800.0,-39.6,5472.7,7081.9
1800.0,-50.7,8517.5,9742.7
1800.0,-58.1,10725.9,11441.4
1800.0,-64.1,11869.8,11999.2
1800.0,-68.5,11824.9,11349.9
1800.0,-71.7,10585.2,9548.7
1800.0,-71.8,8266.0,6768.8
1800.0,-34.8,5095.1,3287.0
1800.0,-7.8,1390.9,-544.2
1800.0,34.6,-2467.8,-4329.9
1800.0,62.3,-6081.0,-7674.6
1800.0,82.5,-9067.8,-10223.1
1800.0,97.2,-11108.4,-11699.0
1800.0,107.3,-11977.9,-11936.1
1800.0,108.1,-11573.3,-10897.9
1800.0,108.7,-9926.7,-8684.9
1800.0,90.7,-7204.8,-5525.9
1800.0,66.1,-3693.3,-1756.7
1800.0,37.5,231.4,2216.0
1800.0,2.9,4142.1,5955.9
1800.0,-26.1,7606.5,9047.0
1800.0,-47.3,10236.0,11138.8
1800.0,-62.1,11728.9,11988.1
1800.0,-71.3,11907.6,11488.1
1800.0,-63.4,10740.1,9683.5
1800.0,-57.6,8347.2,6768.8
1800.0,-53.4,4992.3,3068.6
1800.0,-38.9,1052.8,-996.7
1800.0,-18.3,-3019.8,-4957.6
1800.0,10.1,-6752.5,-8350.9
1800.0,33.3,-9704.5,-10772.3
1800.0,47.4,-11520.9,-11926.9
1800.0,53.7,-11976.3,-11666.2
1800.0,58.4,-11004.2,-10008.8
1800.0,61.7,-8708.6,-7141.9
1800.0,45.0,-5355.4,-3402.3
1800.0,32.8,-1341.9,762.8
1800.0,14.2,2847.1,4846.4
1800.0,0.6,6698.2,8344.3
1800.0,-15.2,9732.4,10817.5
1800.0,-31.2,11564.8,11948.9
1800.0,-42.9,11956.0,11584.2
1800.0,-51.4,10843.7,9756.4
1800.0,-37.5,8355.5,6684.9
1800.0,-27.3,4796.5,2750.5
1800.0,-8.6,612.5,-1548.5
1800.0,17.8,-3662.3,-5659.7
1800.0,47.1,-7474.7,-9046.6
1800.0,59.7,-10323.1,-11260.4
1800.0,68.9,-11825.9,-11999.1
1800.0,73.6,-11772.5,-11151.9
1800.0,75.5,-10156.3,-8817.6
1800.0,55.0,-7179.7,-5296.1
1800.0,40.1,-3229.9,-1050.8
1800.0,1.6,1167.5,3349.1
1800.0,-26.4,5418.9,7305.0
1800.0,-46.9,8941.2,10270.3
1800.0,-51.1,11244.2,11827.6
1800.0,-54.2,11998.1,11748.1
1800.0,-56.4,11084.3,10028.4
1800.0,-88.6,8616.3,6896.0
1800.0,-7.7,4927.6,2780.3
1800.0,39.2,530.3,-1742.1
1800.0,75.4,-3955.2,-6028.5
1800.0,99.5,-7886.4,-9460.1
1800.0,117.1,-10691.4,-11533.5
1800.0,127.3,-11953.7,-11934.7
1800.0,134.8,-11475.3,-10590.4
1800.0,130.4,-9311.0,-7683.4
1800.0,127.3,-5766.1,-3629.9
1800.0,125.0,-1354.2,975.8
1800.0,108.4,3272.5,5448.5
1800.0,96.2,7420.5,9112.2
1800.0,83.8,10458.2,11404.9
1800.0,61.1,11914.1,11964.3
1800.0,44.6,11551.4,10689.4
1800.0,43.9,9409.8,7760.8
1800.0,43.4,5805.7,3619.3
1800.0,61.8,1287.0,-1099.7
1800.0,73.7,-3446.3,-5659.3
1800.0,91.8,-7649.8,-9337.3
1800.0,104.9,-10652.4,-11541.1
1800.0,107.1,-11965.2,-11905.6
1800.0,108.6,-11362.5,-10355.8
1800.0,109.8,-8924.5,-7125.6
1800.0,110.6,-5031.5,-2726.7
1800.0,111.2,-305.7,2131.6
1800.0,95.4,4483.8,6652.4
1800.0,69.5,8546.0,10083.8
1800.0,50.7,11199.4,11843.9
1800.0,21.0,11988.0,11623.3
1800.0,-0.6,10763.0,9441.6
1800.0,-0.4,7713.7,5651.8
1800.0,12.7,3343.2,887.2
1800.0,20.3,-1611.4,-4043.6
1800.0,38.2,-6303.0,-8290.0
1800.0,51.3,-9916.2,-11108.2
1800.0,60.8,-11811.7,-11993.3
1800.0,69.7,-11642.6,-10772.7
1800.0,66.1,-9420.4,-7643.9
1800.0,48.2,-5521.2,-3146.6
1800.0,35.1,-626.2,1926.4
1800.0,9.4,4394.6,6666.5
1800.0,-9.4,8636.7,10213.5
1800.0,-23.1,11322.5,11910.4
1800.0,-26.6,11947.7,11430.1
1800.0,-29.2,10379.6,8842.5
1800.0,-31.0,6888.7,4608.3
1800.0,-46.3,2107.3,-497.0
1800.0,-33.8,-3081.7,-5523.5
1800.0,17.0,-7705.5,-9521.6
1800.0,54.0,-10883.9,-11724.3
1800.0,81.0,-11999.8,-11694.7
1800.0,100.6,-10821.2,-9419.2
1800.0,95.5,-7555.0,-5318.2
1800.0,69.6,-2816.3,-171.9
1800.0,32.9,2484.9,5022.3
1800.0,-7.9,7313.7,9243.6
1800.0,-20.0,10713.8,11648.3
1800.0,-33.8,11998.1,11742.6
1800.0,-43.8,10892.1,9487.1
1800.0,-31.9,7596.8,5315.5
1800.0,-23.3,2758.4,55.8
1800.0,-17.0,-2653.1,-5229.4
1800.0,0.3,-7538.3,-9458.4
1800.0,24.3,-10887.9,-11749.8
1800.0,36.5,-11996.2,-11611.5
1800.0,45.5,-10613.4,-9051.6
1800.0,33.2,-7006.8,-4585.7
1800.0,24.2,-1916.0,860.4
1800.0,17.6,3594.5,6138.9
1800.0,12.9,8354.7,10121.1
1800.0,9.4,11339.6,11941.1
1800.0,6.8,11890.1,11186.4
1800.0,-49.9,9865.8,7998.6
1800.0,-91.3,5685.7,3054.0
1800.0,-66.6,247.9,-2576.2
1800.0,-48.6,-5260.0,-7652.2
1800.0,-16.6,-9616.4,-11039.8
1800.0,13.9,-11839.1,-11966.1
1800.0,36.2,-11410.7,-10201.5
1800.0,52.4,-8405.0,-6121.9
1800.0,64.2,-3482.1,-636.7
1800.0,58.5,2249.9,5009.1
1800.0,42.7,7480.2,9516.6
1800.0,31.1,10996.6,11830.3
1800.0,22.7,11965.8,11391.8
1800.0,7.1,10139.2,8279.9
1800.0,-4.2,5922.8,3206.3
1800.0,-12.5,292.9,-2642.5
1800.0,-49.1,-5422.2,-7876.6
1800.0,-35.8,-9854.8,-11233.7
1800.0,-13.4,-11926.1,-11886.6
1800.0,2.9,-11114.2,-9653.4
1800.0,14.8,-7591.7,-5054.7
1800.0,10.8,-2198.7,799.1
1800.0,7.9,3750.7,6471.0
1800.0,-5.3,8786.7,10549.4
1800.0,-3.9,11644.6,11999.5
1800.0,-13.2,11588.2,10433.7
1800.0,-20.0,8606.7,6222.7
1800.0,-25.0,3432.4,415.5
1800.0,-18.2,-2633.0,-5514.1
1800.0,5.9,-8038.6,-10039.2
1800.0,4.3,-11381.9,-11974.9
1800.0,23.3,-11776.0,-10794.7
1800.0,37.1,-9092.7,-6780.7
1800.0,47.2,-4010.9,-967.5
1800.0,19.2,2145.7,5117.8
1800.0,-1.3,7747.7,9854.5
1800.0,-16.2,11292.0,11958.9
1800.0,-27.1,11806.0,10840.2
1800.0,-35.0,9124.5,6774.5
1800.0,-40.8,3951.0,847.7
1800.0,-29.8,-2319.4,-5328.6
1800.0,-21.7,-7967.7,-10048.9
1800.0,-28.5,-11422.6,-11988.2
1800.0,-33.5,-11702.1,-10580.7
1800.0,-37.1,-8700.6,-6193.3
1800.0,-39.7,-3236.5,-41.7
1800.0,-40.0,3160.8,6138.4
1800.0,-46.1,8673.2,10577.7
1800.0,-50.5,11710.3,11983.9
1800.0,-62.2,11374.4,9923.0
1800.0,-60.9,7733.7,4965.9
1800.0,-60.0,1823.6,-1459.1
1800.0,-59.4,-4637.7,-7471.9
1800.0,-43.3,-9746.1,-11285.7
1800.0,-31.6,-11970.4,-11744.4
1800.0,-23.0,-10620.7,-8682.0
1800.0,-36.9,-6072.9,-2991.9
1800.0,-47.1,325.0,3621.4
1800.0,-49.3,6641.1,9147.0
1800.0,-48.6,10941.0,11879.0
1800.0,-50.1,11883.6,10950.1
1800.0,-51.1,9148.2,6617.2
1800.0,-51.9,3555.5,205.3
1800.0,-52.5,-3166.3,-6288.3
1800.0,-52.6,-8907.6,-10811.1
1800.0,-52.6,-11840.8,-11909.1
1800.0,-52.7,-11006.0,-9201.2
1800.0,-38.4,-6638.8,-3526.3
1800.0,-28.0,-118.8,3304.1
1800.0,-45.4,6457.6,9077.9
1800.0,-56.2,10943.8,11895.4
1800.0,-54.6,11848.8,10803.6
1800.0,-53.5,8843.6,6131.4
1800.0,-52.7,2893.5,-595.9
1800.0,-38.4,-4039.4,-7141.4
1800.0,-15.6,-9633.3,-11297.4
1800.0,-11.4,-11985.9,-11634.9
1800.0,-8.3,-10270.2,-8006.5
1800.0,-6.1,-5038.1,-1622.7
1800.0,-4.4,1940.7,5337.7
1800.0,-3.2,8266.4,10464.1
1800.0,-2.4,11732.3,11952.8
1800.0,-1.7,11101.4,9249.9
1800.0,-1.2,6560.9,3274.1
1800.0,-0.9,-314.7,-3880.1
1800.0,-14.3,-7095.7,-9666.7
1800.0,-24.1,-11353.3,-11996.3
1800.0,-31.2,-11531.4,-9997.0
1800.0,-22.8,-7531.0,-4359.1
1800.0,-16.6,-775.6,2886.5
1800.0,-12.1,6282.3,9090.3
1800.0,-20.2,11041.9,11948.3
1800.0,-28.4,11718.4,10369.2
1800.0,-34.3,8025.4,4907.0
1800.0,-25.0,1311.2,-2416.4
1800.0,-18.3,-5915.3,-8844.2
1800.0,-13.3,-10915.1,75.4
1800.0,-9.7,264.1,453.1
1800.0,-7.1,642.2,831.5
1800.0,7.8,1020.8,1210.1
1800.0,19.4,1399.4,1588.7
1800.0,27.8,1777.8,1966.8
1800.0,33.9,2155.5,2344.0
1800.0,55.9,2532.2,2720.0
1800.0,72.0,2907.3,3094.3
1800.0,85.0,3280.6,3466.4
1800.0,94.5,3651.6,3836.1
1800.0,94.9,4019.9,4202.9
1800.0,96.2,4385.0,4566.3
1800.0,97.7,4746.6,4926.0
1800.0,112.5,5104.2,5281.4
1800.0,123.3,5457.4,5632.3
1800.0,141.9,5805.8,5978.1
1800.0,164.6,6148.9,6318.4
1800.0,196.7,6486.4,6652.8
1800.0,228.9,6817.7,6980.9
1800.0,261.5,7142.5,7302.3
1800.0,294.4,7460.3,7616.4
1800.0,321.9,7770.7,7923.0
1800.0,350.4,8073.3,8221.5
1800.0,382.6,8367.6,8511.6
1800.0,414.5,8653.3,8792.8
1800.0,447.8,8930.0,9064.8
1800.0,477.4,9197.2,9327.1
1800.0,482.6,9454.5,9579.3
1800.0,563.2,9701.5,9821.1
1800.0,588.1,9937.9,10052.0
1800.0,637.2,10163.3,10271.8
1800.0,669.7,10377.3,10479.9
1800.0,693.4,10579.5,10676.1
1800.0,714.9,10769.7,10860.1
1800.0,770.2,10947.3,11031.4
1800.0,774.8,11112.2,11189.7
1800.0,786.3,11264.0,11334.8
1800.0,778.7,11402.3,11466.4
1800.0,776.5,11526.9,11584.0
1800.0,826.5,11637.6,11687.6
1800.0,832.1,11734.0,11776.8
1800.0,875.2,11815.9,11851.3
1800.0,953.4,11883.0,11911.0
1800.0,920.8,11935.2,11955.6
1800.0,946.3,11972.2,11984.9
1800.0,956.5,11993.8,11998.8
1800.0,972.1,11999.9,11997.1
1800.0,996.1,11990.4,11979.7
1800.0,1027.0,11965.0,11946.4
1800.0,1066.0,11923.7,11897.1
1800.0,1104.3,11866.5,11831.8
1800.0,1146.8,11793.2,11750.5
1800.0,1118.9,11703.7,11653.0
1800.0,1184.8,11598.2,11539.3
1800.0,1153.5,11476.5,11409.6
1800.0,1146.9,11338.7,11263.8
1800.0,1264.6,11184.8,11101.9
1800.0,1219.2,11015.0,10924.1
1800.0,1211.4,10829.3,10730.5
1800.0,1288.3,10627.8,10521.1
1800.0,1283.2,10410.6,10296.3
1800.0,1310.1,10178.1,10056.0
1800.0,1357.6,9930.2,9800.6
1800.0,1348.1,9667.3,9530.4
1800.0,1358.7,9389.7,9245.4
1800.0,1384.3,9097.5,8946.1
1800.0,1397.4,8791.2,8632.8
1800.0,1446.0,8470.9,8305.7
1800.0,1440.2,8137.2,7965.3
1800.0,1457.7,7790.3,7612.0
1800.0,1474.3,7430.6,7246.2
1800.0,1502.1,7058.7,6868.3
1800.0,1524.6,6675.0,6478.8
1800.0,1548.8,6279.9,6078.2
1800.0,1563.5,5873.9,5667.0
1800.0,1581.1,5457.7,5245.9
1800.0,1592.9,5031.7,4815.2
1800.0,1590.8,4596.6,4375.7
1800.0,1583.1,4152.9,3928.0
1800.0,1587.3,3701.3,3472.7
1800.0,1578.6,3242.5,3010.5
1800.0,1600.9,2777.1,2542.1
1800.0,1606.7,2305.8,2068.2
1800.0,1588.2,1829.3,1589.4
1800.0,1577.6,1348.5,1106.7
1800.0,1558.9,864.0,620.6
1800.0,1535.5,376.6,132.1
1800.0,1508.6,-112.8,-358.1
1800.0,1485.2,-603.6,-849.2
1800.0,1470.0,-1094.8,-1340.3
1800.0,1453.7,-1585.6,-1830.6
1800.0,1397.7,-2075.2,-2319.3
1800.0,1349.3,-2562.7,-2805.4
1800.0,1304.3,-3047.3,-3288.2
1800.0,1256.9,-3528.0,-3766.7
1800.0,1208.3,-4004.1,-4240.0
1800.0,1150.2,-4474.5,-4707.3
1800.0,1086.3,-4938.4,-5167.7
1800.0,1014.1,-5395.0,-5620.3
1800.0,951.3,-5843.3,-6064.1
1800.0,883.5,-6282.5,-6498.4
1800.0,819.0,-6711.6,-6922.2
1800.0,758.4,-7129.9,-7334.6
1800.0,694.7,-7536.3,-7734.8
1800.0,633.0,-7930.1,-8122.0
1800.0,573.0,-8310.4,-8495.2
1800.0,517.3,-8676.3,-8853.7
1800.0,464.6,-9027.1,-9196.6
1800.0,408.3,-9362.0,-9523.2
1800.0,360.8,-9680.1,-9832.6
1800.0,315.4,-9980.7,-10124.2
1800.0,282.3,-10263.1,-10397.2
1800.0,258.2,-10526.5,-10650.8
1800.0,240.6,-10770.2,-10884.5
1800.0,228.4,-10993.7,-11097.6
1800.0,150.6,-11196.2,-11289.4
1800.0,71.4,-11377.2,-11459.4
1800.0,6.6,-11536.1,-11607.1
1800.0,-36.8,-11672.4,-11731.9
1800.0,-81.4,-11785.6,-11833.5
1800.0,-128.3,-11875.3,-11911.2
1800.0,-160.8,-11941.1,-11964.9
1800.0,-201.4,-11982.6,-11994.2
1800.0,-234.0,-11999.6,-11998.8
1800.0,-283.7,-11991.7,-11978.4
1800.0,-326.8,-11958.8,-11932.8
1800.0,-372.5,-11900.6,-11862.1
1800.0,-412.0,-11817.2,-11766.0
1800.0,-449.6,-11708.4,-11644.5
1800.0,-441.6,-11574.3,-11497.7
1800.0,-566.1,-11414.9,-11325.7
1800.0,-559.3,-11230.3,-11128.6
1800.0,-537.5,-11020.8,-10906.7
1800.0,-629.5,-10786.5,-10660.1
1800.0,-629.3,-10527.7,-10389.3
1800.0,-627.9,-10244.9,-10094.5
1800.0,-636.9,-9938.3,-9776.3
1800.0,-638.0,-9608.6,-9435.2
1800.0,-659.9,-9256.2,-9071.7
1800.0,-677.1,-8881.8,-8686.5
1800.0,-693.6,-8486.0,-8280.2
1800.0,-716.4,-8069.5,-7853.7
1800.0,-742.7,-7633.1,-7407.7
1800.0,-764.2,-7177.6,-6943.1
1800.0,-791.9,-6704.1,-6460.8
1800.0,-838.7,-6213.3,-5961.8
1800.0,-873.5,-5706.4,-5447.2
1800.0,-904.4,-5184.3,-4918.0
1800.0,-932.8,-4648.3,-4375.4
1800.0,-952.5,-4099.5,-3820.7
1800.0,-976.0,-3539.1,-3255.0
1800.0,-987.9,-2968.4,-2679.6
1800.0,-992.7,-2388.7,-2095.9
1800.0,-992.9,-1801.4,-1505.3
1800.0,-994.1,-1207.8,-909.2
1800.0,-1003.4,-609.5,-309.0
1800.0,-992.9,-7.8,293.8
1800.0,-981.7,595.7,897.7
1800.0,-973.3,1199.5,1501.0
1800.0,-963.2,1802.0,2102.3
1800.0,-931.4,2401.7,2700.0
1800.0,-900.5,2997.0,3292.5
1800.0,-869.2,3586.3,3878.2
1800.0,-832.3,4167.9,4455.4
1800.0,-785.3,4740.3,5022.6
1800.0,-738.7,5301.9,5578.1
1800.0,-681.6,5851.0,6120.4
1800.0,-618.6,6386.0,6647.8
1800.0,-558.0,6905.4,7158.8
1800.0,-506.6,7407.6,7651.8
1800.0,-457.5,7891.1,8125.4
1800.0,-398.2,8354.4,8578.0
1800.0,-356.0,8795.9,9008.1
1800.0,-311.3,9214.3,9414.4
1800.0,-266.3,9608.2,9795.5
1800.0,-233.5,9976.2,10150.1
1800.0,-182.6,10317.1,10477.0
1800.0,-133.1,10629.6,10774.8
1800.0,-97.1,10912.6,11042.6
1800.0,-48.0,11164.9,11279.3
1800.0,4.3,11385.7,11483.9
1800.0,57.8,11573.8,11655.5
1800.0,113.0,11728.6,11793.2
1800.0,157.1,11849.2,11896.5
1800.0,209.2,11935.0,11964.6
1800.0,256.2,11985.3,11997.1
1800.0,298.0,11999.8,11993.5
1800.0,345.3,11978.0,11953.5
1800.0,390.6,11919.8,11876.9
1800.0,439.5,11824.8,11763.6
1800.0,479.4,11693.2,11613.6
1800.0,490.6,11524.9,11427.1
1800.0,566.7,11320.2,11204.3
1800.0,569.2,11079.5,10945.7
1800.0,616.2,10803.0,10651.6
1800.0,649.2,10491.5,10322.7
1800.0,673.3,10145.5,9959.8
1800.0,706.4,9765.9,9563.8
1800.0,694.2,9353.6,9135.5
1800.0,774.0,8909.7,8676.2
1800.0,772.4,8435.3,8187.1
1800.0,823.2,7931.8,7669.5
1800.0,851.8,7400.5,7124.9
1800.0,875.9,6843.0,6554.9
1800.0,896.1,6260.9,5961.2
1800.0,922.2,5656.0,5345.5
1800.0,942.5,5030.0,4709.8
1800.0,959.3,4385.1,4056.1
1800.0,978.0,3723.2,3386.5
1800.0,994.6,3046.4,2703.2
1800.0,1006.0,2357.1,2008.4
1800.0,999.7,1657.4,1304.5
1800.0,994.8,949.9,593.9
1800.0,1009.4,236.8,-121.0
1800.0,1004.2,-479.2,-837.5
1800.0,997.7,-1195.6,-1553.2
1800.0,986.9,-1909.9,-2265.5
1800.0,967.9,-2619.4,-2971.6
1800.0,939.4,-3321.6,-3669.0
1800.0,905.0,-4013.6,-4355.0
1800.0,863.4,-4692.9,-5027.0
1800.0,814.8,-5356.9,-5682.3
1800.0,760.8,-6002.9,-6318.3
1800.0,708.5,-6628.3,-6932.4
1800.0,652.4,-7230.5,-7522.2
1800.0,597.0,-7807.1,-8085.0
1800.0,538.0,-8355.6,-8618.5
1800.0,485.9,-8873.6,-9120.5
1800.0,451.8,-9358.9,-9588.5
1800.0,394.1,-9809.2,-10020.6
1800.0,352.0,-10222.5,-10414.6
1800.0,301.9,-10596.7,-10768.7
1800.0,265.6,-10930.2,-11081.0
1800.0,239.2,-11221.1,-11350.1
1800.0,186.1,-11467.8,-11574.3
1800.0,147.4,-11669.1,-11752.3
1800.0,107.5,-11823.7,-11883.1
1800.0,68.6,-11930.5,-11965.7
1800.0,15.6,-11988.6,-11999.2
1800.0,-44.6,-11997.4,-11983.2
1800.0,-93.3,-11956.4,-11917.1
1800.0,-137.9,-11865.3,-11800.9
1800.0,-191.6,-11724.0,-11634.6
1800.0,-232.3,-11532.7,-11418.4
1800.0,-267.2,-11291.8,-11152.9
1800.0,-302.8,-11001.8,-10838.6
1800.0,-340.4,-10663.5,-10476.6
1800.0,-362.9,-10278.1,-10068.0
1800.0,-419.0,-9846.7,-9614.2
1800.0,-428.4,-9370.8,-9116.7
1800.0,-542.8,-8852.2,-8577.4
1800.0,-518.6,-8292.7,-7998.3
1800.0,-599.2,-7694.5,-7381.7
1800.0,-588.4,-7060.0,-6729.9
1800.0,-600.0,-6391.7,-6045.8
1800.0,-599.0,-5692.4,-5332.0
1800.0,-631.4,-4964.9,-4591.6
1800.0,-649.3,-4212.4,-3827.8
1800.0,-665.5,-3438.2,-3044.0
1800.0,-684.5,-2645.6,-2243.6
1800.0,-696.4,-1838.3,-1430.2
1800.0,-708.3,-1019.9,-607.7
1800.0,-712.4,-194.2,220.2
1800.0,-713.2,634.9,1049.5
1800.0,-706.3,1463.4,1876.3
1800.0,-692.1,2287.4,2696.4
1800.0,-678.2,3102.7,3505.9
1800.0,-659.3,3905.3,4300.6
1800.0,-629.6,4691.1,5076.5
1800.0,-590.4,5456.1,5829.6
1800.0,-543.2,6196.3,6555.8
1800.0,-497.5,6907.7,7251.3
1800.0,-448.9,7586.4,7912.4
1800.0,-399.1,8228.8,8535.2
1800.0,-361.9,8831.2,9116.3
1800.0,-323.0,9390.1,9652.3
1800.0,-277.8,9902.3,10139.9
1800.0,-244.8,10364.8,10576.4
1800.0,-220.7,10774.5,10958.8
1800.0,-180.8,11128.9,11284.6
1800.0,-151.6,11425.6,11551.7
1800.0,-94.6,11662.6,11758.1
1800.0,-28.7,11837.9,11902.0
1800.0,35.3,11950.2,11982.3
1800.0,82.0,11998.2,11997.8
1800.0,131.3,11981.0,11947.8
1800.0,177.6,11898.2,11832.2
1800.0,226.4,11749.7,11650.9
1800.0,270.7,11535.7,11404.3
1800.0,303.3,11256.7,11093.2
1800.0,350.9,10913.9,10718.9
1800.0,399.8,10508.4,10282.8
1800.0,428.4,10042.2,9786.9
1800.0,462.8,9517.2,9233.5
1800.0,497.7,8936.1,8625.3
1800.0,527.4,8301.5,7965.3
1800.0,527.5,7616.9,7256.9
1800.0,576.4,6885.7,6503.8
1800.0,607.2,6111.8,5710.2
1800.0,628.3,5299.4,4880.2
1800.0,676.6,4453.1,4018.7
1800.0,707.8,3577.6,3130.4
1800.0,734.9,2677.9,2220.6
1800.0,753.3,1759.3,1294.6
1800.0,752.4,827.2,357.9
1800.0,759.2,-112.7,-583.9
1800.0,766.8,-1054.8,-1524.8
1800.0,778.2,-1993.1,-2459.1
1800.0,772.5,-2921.8,-3380.7
1800.0,745.9,-3835.0,-4283.9
1800.0,725.2,-4726.6,-5162.5
1800.0,694.9,-5590.9,-6010.9
1800.0,655.9,-6422.0,-6823.3
1800.0,611.2,-7214.3,-7594.1
1800.0,562.6,-7962.2,-8318.0
1800.0,512.3,-8660.6,-8989.6
1800.0,455.8,-9304.4,-9604.3
1800.0,406.1,-9888.7,-10157.3
1800.0,350.7,-10409.3,-10644.4
1800.0,298.0,-10862.0,-11061.8
1800.0,259.5,-11243.3,-11406.0
1800.0,231.5,-11549.8,-11674.1
1800.0,182.1,-11778.8,-11863.5
1800.0,132.8,-11928.0,-11972.2
1800.0,86.1,-11995.7,-11998.7
1800.0,39.0,-11980.8,-11942.1
1800.0,-10.9,-11882.5,-11802.0
1800.0,-63.2,-11700.7,-11578.7
1800.0,-112.7,-11436.1,-11273.1
1800.0,-158.2,-11089.8,-10886.4
1800.0,-202.5,-10663.4,-10420.9
1800.0,-279.9,-10159.3,-9879.0
1800.0,-307.5,-9580.5,-9264.2
1800.0,-330.1,-8930.5,-8580.1
1800.0,-353.8,-8213.5,-7831.2
1800.0,-388.0,-7434.0,-7022.4
1800.0,-401.6,-6597.3,-6159.2
1800.0,-434.2,-5709.0,-5247.5
1800.0,-470.0,-4775.5,-4293.8
1800.0,-502.0,-3803.3,-3304.9
1800.0,-530.5,-2799.4,-2287.9
1800.0,-556.4,-1771.3,-1250.4
1800.0,-579.6,-726.5,-200.3
1800.0,-587.7,327.1,854.6
1800.0,-587.8,1381.2,1906.0
1800.0,-597.0,2427.8,2945.6
1800.0,-590.3,3458.4,3965.2
1800.0,-579.9,4464.9,4956.4
1800.0,-555.1,5438.9,5911.2
1800.0,-520.5,6372.5,6821.6
1800.0,-476.7,7257.7,7679.7
1800.0,-433.4,8086.9,8478.2
1800.0,-395.3,8852.9,9210.0
1800.0,-345.8,9548.9,9868.5
1800.0,-299.6,10168.4,10447.6
1800.0,-265.9,10705.6,10941.8
1800.0,-241.3,11155.4,11346.0
1800.0,-223.4,11513.1,11656.3
1800.0,-210.3,11775.0,11869.0
1800.0,-168.0,11937.9,11981.4
1800.0,-122.5,11999.5,11991.8
1800.0,-59.7,11958.4,11899.1
1800.0,5.5,11814.0,11703.2
1800.0,69.4,11566.7,11404.8
1800.0,110.7,11217.7,11005.6
1800.0,162.0,10769.1,10508.3
1800.0,206.2,10224.0,9916.5
1800.0,258.3,9586.4,9234.4
1800.0,296.5,8861.2,8467.5
1800.0,341.7,8054.1,7621.9
1800.0,381.4,7171.7,6704.6
1800.0,414.3,6221.4,5723.3
1800.0,443.5,5211.3,4686.5
1800.0,469.0,4150.1,3603.4
1800.0,498.3,3047.4,2483.4
1800.0,534.9,1912.8,1336.9
1800.0,559.7,757.0,174.4
1800.0,568.7,-409.4,-993.2
1800.0,565.1,-1575.5,-2154.9
1800.0,558.3,-2730.0,-3299.4
1800.0,561.5,-3861.7,-4415.5
1800.0,556.6,-4959.4,-5492.2
1800.0,538.8,-6012.3,-6518.5
1800.0,507.9,-7009.4,-7483.9
1800.0,475.7,-7940.6,-8378.4
1800.0,440.8,-8796.0,-9192.3
1800.0,396.1,-9566.3,-9916.9
1800.0,353.2,-10243.1,-10544.0
1800.0,309.5,-10818.7,-11066.3
1800.0,277.7,-11286.2,-11477.7
1800.0,254.5,-11640.1,-11772.9
1800.0,237.6,-11875.6,-11947.8
1800.0,225.2,-11989.2,-11999.6
1800.0,182.7,-11978.7,-11926.5
1800.0,113.1,-11842.9,-11728.2
1800.0,36.6,-11582.3,-11405.6
1800.0,-19.1,-11198.5,-10961.2
1800.0,-63.4,-10694.3,-10398.5
1800.0,-102.1,-10074.3,-9722.5
1800.0,-158.0,-9343.9,-8939.5
1800.0,-197.1,-8510.2,-8057.1
1800.0,-235.4,-7581.3,-7084.0
1800.0,-269.5,-6566.4,-6030.1
1800.0,-301.5,-5476.2,-4906.4
1800.0,-331.0,-4322.0,-3724.7
1800.0,-361.9,-3116.1,-2497.8
1800.0,-391.9,-1871.6,-1239.2
1800.0,-419.0,-602.3,37.3
1800.0,-436.9,677.7,1317.1
1800.0,-446.3,1953.8,2585.7
1800.0,-430.4,3211.2,3828.3
1800.0,-440.9,4435.2,5030.1
1800.0,-432.3,5611.3,6176.9
1800.0,-424.7,6725.2,7254.5
1800.0,-398.8,7763.3,8249.7
1800.0,-360.0,8712.4,9149.9
1800.0,-329.8,9560.6,9943.3
1800.0,-292.1,10296.7,10619.6
1800.0,-253.0,10910.8,11169.4
1800.0,-224.4,11394.3,11584.9
1800.0,-203.6,11740.2,11859.8
1800.0,-188.4,11943.0,11989.5
1800.0,-159.5,11998.9,11971.0
1800.0,-138.4,11905.8,11803.2
1800.0,-83.4,11663.5,11486.9
1800.0,-23.7,11273.9,11024.8
1800.0,40.6,10740.4,10421.4
1800.0,89.1,10068.6,9683.1
1800.0,146.2,9265.9,8818.2
1800.0,219.4,8341.4,7836.9
1800.0,254.5,7306.1,6750.7
1800.0,289.0,6172.4,5573.0
1800.0,321.2,4954.4,4318.5
1800.0,361.0,3667.4,3003.1
1800.0,392.6,2327.8,1643.8
1800.0,425.7,953.2,258.4
1800.0,447.2,-438.3,-1134.6
1800.0,453.5,-1828.1,-2516.5
1800.0,440.8,-3197.2,-3868.0
1800.0,454.7,-4526.6,-5170.7
1800.0,444.7,-5797.7,-6405.8
1800.0,421.1,-6992.4,-7555.7
1800.0,392.5,-8093.3,-8603.4
1800.0,352.8,-9084.1,-9533.5
1800.0,322.9,-9949.8,-10331.5
1800.0,286.2,-10677.1,-10985.1
1800.0,248.9,-11254.3,-11483.5
1800.0,221.8,-11671.7,-11818.1
1800.0,202.0,-11921.9,-11982.6
1800.0,171.0,-11999.7,-11973.1
1800.0,124.7,-11902.5,-11788.2
1800.0,73.1,-11630.1,-11428.9
1800.0,11.3,-11185.0,-10899.1
1800.0,-35.0,-10572.2,-10205.2
1800.0,-73.9,-9799.4,-9356.1
1800.0,-120.5,-8876.8,-8363.2
1800.0,-156.8,-7817.0,-7240.3
1800.0,-189.7,-6635.0,-6003.4
1800.0,-218.6,-5347.8,-4670.6
1800.0,-268.0,-3974.4,-3261.6
1800.0,-295.8,-2535.1,-1797.7
1800.0,-324.6,-1052.1,-301.2
1800.0,-346.5,451.9,1204.4
1800.0,-358.0,1953.2,2695.5
1800.0,-352.4,3428.1,4148.1
1800.0,-348.2,4852.5,5538.5
1800.0,-351.8,6203.2,6843.8
1800.0,-337.7,7457.5,8041.9
1800.0,-321.0,8594.4,9112.5
1800.0,-293.9,9593.9,10036.6
1800.0,-256.9,10438.5,10797.8
1800.0,-229.9,11112.7,11381.8
1800.0,-210.2,11603.8,11777.4
1800.0,-170.1,11901.8,11976.1
1800.0,-141.0,12000.0,11972.9
1800.0,-119.7,11894.9,11766.0
1800.0,-50.2,11586.5,11357.0
1800.0,0.8,11078.3,10751.3
1800.0,46.4,10377.2,9957.5
1800.0,89.1,9493.7,8987.8
1800.0,132.6,8441.7,7857.6
1800.0,183.4,7238.0,6585.5
1800.0,229.0,5902.8,5192.8
1800.0,271.0,4458.5,3703.2
1800.0,309.1,2930.1,2142.6
1800.0,343.7,1344.3,538.7
1800.0,371.5,-270.5,-1079.7
1800.0,397.0,-1885.2,-2683.3
1800.0,381.8,-3470.1,-4242.2
1800.0,396.0,-4995.8,-5727.4
1800.0,393.7,-6433.3,-7110.3
1800.0,375.8,-7755.1,-8364.3
1800.0,348.8,-8935.0,-9464.4
1800.0,323.9,-9949.8,-10388.5
1800.0,292.4,-10778.4,-11117.3
1800.0,262.3,-11403.4,-11635.1
1800.0,240.3,-11810.9,-11929.9
1800.0,224.3,-11991.1,-11994.1
1800.0,212.3,-11938.5,-11824.3
1800.0,139.5,-11651.8,-11421.7
1800.0,86.4,-11134.8,-10792.2
1800.0,30.5,-10395.5,-9946.4
1800.0,-20.6,-9446.8,-8899.1
1800.0,-83.0,-8305.8,-7669.6
1800.0,-117.1,-6993.7,-6281.3
1800.0,-166.6,-5535.8,-4760.9
1800.0,-209.9,-3960.5,-3138.6
1800.0,-239.8,-2299.2,-1446.7
1800.0,-264.9,-585.3,280.2
1800.0,-289.7,1145.7,2006.5
1800.0,-303.2,2858.0,3695.8
1800.0,-294.5,4515.2,5312.1
1800.0,-287.6,6081.9,6820.5
1800.0,-282.5,7523.6,8187.6
1800.0,-275.5,8808.6,9383.0
1800.0,-256.2,9907.4,10379.0
1800.0,-242.0,10794.8,11152.4
1800.0,-212.5,11449.4,11684.1
1800.0,-191.1,11854.8,11960.3
1800.0,-153.0,11999.7,11972.5
1800.0,-125.2,11878.6,11718.2
1800.0,-81.2,11491.8,11200.5
1800.0,-36.1,10845.6,10428.9
1800.0,-0.0,9952.3,9418.5
1800.0,49.7,8830.1,8190.2
1800.0,89.9,7502.4,6770.4
1800.0,127.9,5998.2,5190.0
1800.0,165.1,4350.5,3484.5
1800.0,212.1,2596.7,1692.4
1800.0,252.1,776.7,-144.7
1800.0,283.0,-1066.9,-1984.0
1800.0,299.6,-2890.7,-3781.5
1800.0,298.7,-4651.0,-5493.9
1800.0,297.5,-6304.9,-7079.1
1800.0,299.1,-7811.5,-8497.6
1800.0,294.8,-9132.9,-9713.4
1800.0,277.7,-10235.1,-10694.7
1800.0,265.2,-11089.0,-11415.2
1800.0,230.4,-11671.2,-11854.8
1800.0,181.7,-11964.8,-12000.0
1800.0,146.1,-11959.8,-11844.3
1800.0,106.5,-11653.8,-11389.1
1800.0,67.3,-11051.7,-10643.3
1800.0,17.5,-10166.3,-9623.3
1800.0,-29.8,-9017.6,-8352.9
1800.0,-69.5,-7633.0,-6862.6
1800.0,-110.8,-6046.3,-5189.4
1800.0,-151.3,-4297.2,-3375.3
1800.0,-180.9,-2429.9,-1467.1
1800.0,-225.2,-493.1,485.7
1800.0,-248.7,1462.8,2431.4
1800.0,-258.7,3385.2,4317.7
1800.0,-266.6,5222.4,6093.1
1800.0,-264.9,6923.8,7708.6
1800.0,-267.6,8441.9,9118.4
1800.0,-258.2,9733.4,10282.2
1800.0,-240.9,10760.7,11165.4
1800.0,-195.8,11493.0,11741.0
1800.0,-142.8,11907.2,11990.1
1800.0,-104.1,11988.8,11902.8
1800.0,-75.9,11732.5,11478.6
1800.0,-33.6,11142.5,10726.4
1800.0,9.3,10232.8,9664.9
1800.0,41.6,9026.6,8322.0
1800.0,79.7,7556.0,6733.9
1800.0,124.4,5861.6,4944.9
1800.0,166.5,3990.7,3005.6
1800.0,213.0,1996.9,971.9
1800.0,249.9,-61.9,-1096.8
1800.0,283.3,-2125.0,-3138.8
1800.0,298.6,-4130.6,-5092.7
1800.0,301.2,-6017.7,-6898.4
1800.0,309.3,-7728.0,-8500.0
1800.0,307.5,-9208.0,-9846.3
1800.0,291.1,-10409.9,-10893.9
1800.0,272.1,-11294.3,-11607.5
1800.0,243.2,-11830.8,-11961.9
1800.0,222.2,-11999.5,-11942.9
1800.0,206.9,-11791.9,-11547.5
1800.0,175.2,-11211.1,-10785.1
1800.0,152.1,-10272.3,-9676.5
1800.0,94.4,-9002.2,-8254.4
1800.0,52.2,-7438.8,-6561.7
1800.0,9.1,-5630.0,-4651.0
1800.0,-40.1,-3632.7,-2582.9
1800.0,-90.7,-1510.3,-423.7
1800.0,-125.0,667.9,1755.8
1800.0,-154.8,2830.7,3883.5
1800.0,-168.1,4905.3,5887.6
1800.0,-171.4,6821.7,7699.6
1800.0,-170.8,8513.5,9256.4
1800.0,-164.8,9921.5,10502.7
1800.0,-141.3,10994.7,11393.0
1800.0,-103.0,11693.5,11893.4
1800.0,-75.1,11990.3,11983.0
1800.0,-35.6,11871.1,11655.1
1800.0,-10.7,11336.4,10917.4
1800.0,22.4,10401.3,9792.3
1800.0,59.6,9095.3,8316.3
1800.0,99.0,7461.6,6538.8
1800.0,124.5,5555.8,4521.2
1800.0,160.7,3444.1,2334.2
1800.0,202.7,1201.3,55.9
1800.0,240.4,-1091.8,-2231.3
1800.0,256.5,-3351.8,-4443.1
1800.0,267.0,-5494.7,-6497.0
1800.0,263.3,-7440.1,-8315.1
1800.0,255.3,-9113.3,-9827.0
1800.0,247.0,-10449.1,-10973.2
1800.0,240.9,-11393.9,-11706.7
1800.0,216.9,-11908.2,-11996.0
1800.0,199.4,-11968.7,-11825.9
1800.0,186.7,-11568.7,-11198.9
1800.0,148.8,-10719.7,-10135.3
1800.0,108.5,-9450.8,-8672.6
1800.0,79.1,-7807.9,-6864.8
1800.0,36.2,-5852.4,-4780.3
1800.0,-3.8,-3659.0,-2499.6
1800.0,-48.6,-1313.4,-112.1
1800.0,-87.5,1092.1,2286.9
1800.0,-120.0,3460.4,4600.5
1800.0,-132.3,5695.4,6733.5
1800.0,-141.0,7704.2,8597.0
1800.0,-140.5,9402.5,10111.7
1800.0,-140.2,10717.0,11211.7
1800.0,-139.9,11589.9,11847.2
1800.0,-139.7,11980.4,11987.5
1800.0,-125.0,11867.9,11622.3
1800.0,-91.1,11252.6,10762.4
1800.0,-47.3,10156.3,9440.2
1800.0,5.5,8621.6,7708.5
1800.0,45.0,6710.6,5638.4
1800.0,84.8,4503.2,3317.0
1800.0,124.9,2092.6,843.5
1800.0,160.3,-416.7,-1674.3
1800.0,191.6,-2915.2,-4125.5
1800.0,205.7,-5291.5,-6400.1
1800.0,212.1,-7438.6,-8394.8
1800.0,216.7,-9257.6,-10016.8
1800.0,216.8,-10663.5,-11189.6
1800.0,216.9,-11588.5,-11855.2
1800.0,197.2,-11986.1,-11978.9
1800.0,182.8,-11833.1,-11549.9
1800.0,145.6,-11131.9,-10583.2
1800.0,118.5,-9909.9,-9119.3
1800.0,86.4,-8220.1,-7222.4
1800.0,53.6,-6137.7,-4978.6
1800.0,7.9,-3758.2,-2491.2
1800.0,-47.2,-1192.3,122.7
1800.0,-95.2,1438.3,2738.4
1800.0,-130.5,4007.3,5229.2
1800.0,-156.3,6389.2,7472.7
1800.0,-162.4,8466.0,9356.6
1800.0,-162.9,10132.8,10784.8
1800.0,-160.7,11303.6,11682.3
1800.0,-159.1,11915.6,11999.7
1800.0,-158.0,11933.1,11715.8
1800.0,-157.1,11350.0,10839.6
1800.0,-133.4,10190.5,9410.3
1800.0,-97.3,8508.5,7495.9
1800.0,-38.1,6385.4,5190.6
1800.0,14.2,3926.9,2610.2
1800.0,67.5,1257.5,-113.7
1800.0,111.6,-1485.3,-2839.6
1800.0,144.8,-4158.4,-5424.1
1800.0,171.2,-6619.7,-7728.9
1800.0,176.9,-8736.7,-9628.9
1800.0,173.8,-10393.1,-11018.4
1800.0,171.6,-11495.7,-11818.0
1800.0,167.4,-11980.0,-11979.0
1800.0,164.3,-11814.1,-11486.9
1800.0,162.0,-11001.2,-10363.0
1800.0,137.7,-9580.3,-8663.5
1800.0,119.9,-7624.7,-6477.9
1800.0,87.4,-5238.6,-3923.8
1800.0,28.0,-2551.8,-1141.8
1800.0,-14.1,286.6,1713.1
1800.0,-61.3,3117.3,4479.0
1800.0,-93.1,5778.3,6996.6
1800.0,-108.5,8115.6,9118.9
1800.0,-117.5,9991.1,10719.3
1800.0,-123.7,11291.9,11700.0
1800.0,-128.2,11936.7,11997.9
1800.0,-131.5,11881.8,11589.3
1800.0,-133.9,11124.1,10492.2
1800.0,-113.2,9702.4,8765.9
1800.0,-82.6,7696.1,6508.4
1800.0,-44.0,5220.4,3851.2
1800.0,0.1,2421.3,952.4
1800.0,45.3,-533.4,-2013.2
1800.0,90.2,-3464.2,-4863.7
1800.0,125.6,-6189.9,-7421.9
1800.0,138.7,-8539.9,-9525.8
1800.0,147.6,-10363.8,-11039.9
1800.0,145.7,-11542.8,-11863.5
1800.0,141.3,-11996.3,-11938.2
1800.0,138.1,-11689.2,-11252.6
1800.0,114.0,-10634.4,-9843.8
1800.0,96.5,-8892.9,-7796.4
1800.0,70.3,-6571.3,-5237.2
1800.0,28.2,-3815.4,-2328.8
1800.0,-10.3,-801.8,740.9
1800.0,-49.1,2273.6,3770.8
1800.0,-82.3,5207.2,6558.9
1800.0,-106.5,7802.7,8917.2
1800.0,-118.6,9882.8,10682.9
1800.0,-127.4,11302.9,11731.5
1800.0,-125.1,11960.5,11985.1
1800.0,-111.0,11804.0,11419.4
1800.0,-100.8,10837.1,10066.0
1800.0,-93.3,9119.0,8011.6
1800.0,-68.0,6762.6,5393.1
1800.0,-37.6,3926.7,2388.9
1800.0,-4.3,806.5,-792.3
1800.0,34.6,-2379.7,-3926.9
1800.0,75.2,-5406.1,-6790.3
1800.0,104.9,-8054.4,-9174.9
1800.0,116.5,-10130.9,-10904.1
1800.0,124.9,-11479.7,-11846.4
1800.0,126.5,-11996.4,-11926.0
1800.0,113.0,-11635.4,-11129.2
1800.0,82.4,-10415.7,-9507.4
1800.0,41.2,-8420.1,-7173.6
1800.0,11.2,-5790.5,-4296.2
1800.0,-25.6,-2718.7,-1087.2
1800.0,-48.9,567.4,2213.7
1800.0,-74.7,3819.9,5355.4
1800.0,-98.0,6790.2,8096.2
1800.0,-115.0,9247.3,10220.7
1800.0,-119.3,10996.7,11559.0
1800.0,-118.5,11895.9,11999.6
1800.0,-117.9,11867.0,11499.8
1800.0,-117.5,10904.1,10090.8
1800.0,-117.2,9075.1,7876.3
1800.0,-85.5,6518.0,5026.3
1800.0,-62.3,3431.0,1763.9
1800.0,-6.4,58.5,-1650.4
1800.0,38.9,-3328.4,-4940.7
1800.0,71.9,-6453.9,-7836.2
1800.0,91.1,-9058.8,-10095.4
1800.0,104.1,-10923.7,-11525.3
1800.0,106.8,-11886.9,-11999.7
1800.0,108.8,-11860.1,-11470.0
1800.0,110.2,-10836.6,-9972.2
1800.0,111.2,-8894.1,-7624.6
1800.0,96.7,-6189.7,-4619.7
1800.0,53.9,-2947.8,-1209.9
1800.0,-3.3,557.0,2314.4
1800.0,-48.9,4023.9,5648.0
1800.0,-77.9,7150.4,8497.9
1800.0,-88.0,9659.8,10609.6
1800.0,-90.5,11325.1,11789.6
1800.0,-90.4,11991.4,11924.8
1800.0,-90.3,11590.2,10993.9
1800.0,-90.2,10148.1,9071.0
1800.0,-77.8,7786.1,6321.6
1800.0,-56.7,4710.3,2988.5
1800.0,-31.0,1195.5,-627.9
1800.0,-0.5,-2439.5,-4197.2
1800.0,33.5,-5859.6,-7387.6
1800.0,60.5,-8744.8,-9898.5
1800.0,76.6,-10820.6,-11488.2
1800.0,85.8,-11884.4,-11998.6
1800.0,92.4,-11826.6,-11371.5
1800.0,97.3,-10642.7,-9656.7
1800.0,81.3,-8436.1,-7009.5
1800.0,59.3,-5410.4,-3677.1
1800.0,32.5,-1851.4,22.2
1800.0,1.0,1898.2,3730.3
1800.0,-38.6,5472.7,7081.9
1800.0,-67.5,8517.5,9742.7
1800.0,-82.0,10725.9,11441.4
1800.0,-93.6,11869.8,11999.2
1800.0,-102.1,11824.9,11349.9
1800.0,-108.2,10585.2,9548.7
1800.0,-112.7,8266.0,6768.8
1800.0,-97.1,5095.1,3287.0
1800.0,-70.8,1390.9,-544.2
1800.0,-35.4,-2467.8,-4329.9
1800.0,7.7,-6081.0,-7674.6
1800.0,26.4,-9067.8,-10223.1
1800.0,43.0,-11108.4,-11699.0
1800.0,55.1,-11977.9,-11936.1
1800.0,63.9,-11573.3,-10897.9
1800.0,62.2,-9926.7,-8684.9
1800.0,60.9,-7204.8,-5525.9
1800.0,60.0,-3693.3,-1756.7
1800.0,33.4,231.4,2216.0
1800.0,-3.6,4142.1,5955.9
1800.0,-30.6,7606.5,9047.0
1800.0,-42.5,10236.0,11138.8
1800.0,-52.1,11728.9,11988.1
1800.0,-54.6,11907.6,11488.1
1800.0,-39.8,10740.1,9683.5
1800.0,-29.0,8347.2,6768.8
1800.0,-21.1,4992.3,3068.6
1800.0,-15.4,1052.8,-996.7
1800.0,-1.5,-3019.8,-4957.6
1800.0,23.9,-6752.5,-8350.9
1800.0,42.5,-9704.5,-10772.3
1800.0,56.0,-11520.9,-11926.9
1800.0,60.3,-11976.3,-11666.2
1800.0,63.5,-11004.2,-10008.8
1800.0,65.8,-8708.6,-7141.9
1800.0,48.0,-5355.4,-3402.3
1800.0,35.0,-1341.9,762.8
1800.0,15.4,2847.1,4846.4
1800.0,1.2,6698.2,8344.3
1800.0,-13.8,9732.4,10817.5
1800.0,-29.2,11564.8,11948.9
1800.0,-40.5,11956.0,11584.2
1800.0,-48.7,10843.7,9756.4
1800.0,-35.5,8355.5,6684.9
1800.0,-25.9,4796.5,2750.5
1800.0,-7.8,612.5,-1548.5
1800.0,18.3,-3662.3,-5659.7
1800.0,47.8,-7474.7,-9046.6
1800.0,65.1,-10323.1,-11260.4
1800.0,77.7,-11825.9,-11999.1
1800.0,83.6,-11772.5,-11151.9
1800.0,75.3,-10156.3,-8817.6
1800.0,69.2,-7179.7,-5296.1
1800.0,50.4,-3229.9,-1050.8
1800.0,36.8,1167.5,3349.1
1800.0,1.5,5418.9,7305.0
1800.0,-24.3,8941.2,10270.3
1800.0,-34.9,11244.2,11827.6
1800.0,-42.7,11998.1,11748.1
1800.0,-48.4,11084.3,10028.4
1800.0,-52.5,8616.3,6896.0
1800.0,-52.6,4927.6,2780.3
1800.0,-24.4,530.3,-1742.1
1800.0,-2.8,-3955.2,-6028.5
1800.0,37.6,-7886.4,-9460.1
1800.0,57.3,-10691.4,-11533.5
1800.0,71.7,-11953.7,-11934.7
1800.0,82.2,-11475.3,-10590.4
1800.0,73.2,-9311.0,-7683.4
1800.0,66.7,-5766.1,-3629.9
1800.0,48.7,-1354.2,975.8
1800.0,35.5,3272.5,5448.5
1800.0,15.1,7420.5,9112.2
1800.0,-1.3,10458.2,11404.9
1800.0,-17.2,11914.1,11964.3
1800.0,-29.8,11551.4,10689.4
1800.0,-21.7,9409.8,7760.8
1800.0,-15.8,5805.7,3619.3
1800.0,-11.5,1287.0,-1099.7
1800.0,4.9,-3446.3,-5659.3
1800.0,31.2,-7649.8,-9337.3
1800.0,50.4,-10652.4,-11541.1
1800.0,64.4,-11965.2,-11905.6
1800.0,75.9,-11362.5,-10355.8
1800.0,72.5,-8924.5,-7125.6
1800.0,70.1,-5031.5,-2726.7
1800.0,51.1,-305.7,2131.6
1800.0,21.3,4483.8,6652.4
1800.0,-0.4,8546.0,10083.8
1800.0,-14.2,11199.4,11843.9
1800.0,-29.6,11988.0,11623.3
1800.0,-39.4,10763.0,9441.6
1800.0,-28.7,7713.7,5651.8
1800.0,-21.0,3343.2,887.2
1800.0,-3.3,-1611.4,-4043.6
1800.0,24.9,-6303.0,-8290.0
1800.0,45.5,-9916.2,-11108.2
1800.0,57.9,-11811.7,-11993.3
1800.0,66.9,-11642.6,-10772.7
1800.0,73.2,-9420.4,-7643.9
1800.0,77.7,-5521.2,-3146.6
1800.0,81.0,-626.2,1926.4
1800.0,68.5,4394.6,6666.5
1800.0,50.0,8636.7,10213.5
1800.0,36.4,11322.5,11910.4
1800.0,26.6,11947.7,11430.1
1800.0,19.4,10379.6,8842.5
1800.0,30.4,6888.7,4608.3
1800.0,35.8,2107.3,-497.0
1800.0,39.1,-3081.7,-5523.5
1800.0,51.6,-7705.5,-9521.6
1800.0,60.7,-10883.9,-11724.3
1800.0,66.0,-11999.8,-11694.7
1800.0,69.9,-10821.2,-9419.2
1800.0,72.8,-7555.0,-5318.2
1800.0,70.6,-2816.3,-171.9
1800.0,69.0,2484.9,5022.3
1800.0,67.9,7313.7,9243.6
1800.0,57.6,10713.8,11648.3
1800.0,50.1,11998.1,11742.6
1800.0,44.7,10892.1,9487.1
1800.0,40.7,7596.8,5315.5
1800.0,37.8,2758.4,55.8
1800.0,33.7,-2653.1,-5229.4
1800.0,35.3,-7538.3,-9458.4
1800.0,41.4,-10887.9,-11749.8
1800.0,44.1,-11996.2,-11611.5
1800.0,46.2,-10613.4,-9051.6
1800.0,33.7,-7006.8,-4585.7
1800.0,12.8,-1916.0,860.4
1800.0,-2.3,3594.5,6138.9
1800.0,-12.8,8354.7,10121.1
1800.0,-26.2,11339.6,11941.1
1800.0,-39.9,11890.1,11186.4
1800.0,-48.6,9865.8,7998.6
1800.0,-58.5,5685.7,3054.0
1800.0,-65.7,247.9,-2576.2
1800.0,-47.9,-5260.0,-7652.2
1800.0,-35.0,-9616.4,-11039.8
1800.0,-25.5,-11839.1,-11966.1
1800.0,-18.6,-11410.7,-10201.5
1800.0,-23.0,-8405.0,-6121.9
1800.0,-26.2,-3482.1,-636.7
1800.0,-37.9,2249.9,5009.1
1800.0,-46.5,7480.2,9516.6
1800.0,-52.4,10996.6,11830.3
1800.0,-62.3,11965.8,11391.8
1800.0,-69.5,10139.2,8279.9
1800.0,-74.7,5922.8,3206.3
1800.0,-78.5,292.9,-2642.5
1800.0,-81.3,-5422.2,-7876.6
1800.0,-59.3,-9854.8,-11233.7
1800.0,-59.5,-11926.1,-11886.6
1800.0,-59.6,-11114.2,-9653.4
1800.0,-59.7,-7591.7,-5054.7
1800.0,-59.8,-2198.7,799.1
1800.0,-59.2,3750.7,6471.0
1800.0,-58.4,8786.7,10549.4
1800.0,-57.9,11644.6,11999.5
1800.0,-65.9,11588.2,10433.7
1800.0,-71.8,8606.7,6222.7
1800.0,-76.1,3432.4,415.5
1800.0,-79.2,-2633.0,-5514.1
1800.0,-72.7,-8038.6,-10039.2
1800.0,-65.0,-11381.9,-11974.9
1800.0,-59.4,-11776.0,-10794.7
1800.0,-43.3,-9092.7,-6780.7
1800.0,-44.6,-4010.9,-967.5
1800.0,-45.5,2145.7,5117.8
1800.0,-46.8,7747.7,9854.5
1800.0,-48.5,11292.0,11958.9
1800.0,-52.9,11806.0,10840.2
1800.0,-56.1,9124.5,6774.5
1800.0,-58.5,3951.0,847.7
1800.0,-60.2,-2319.4,-5328.6
1800.0,-43.9,-7967.7,-10048.9
1800.0,-32.0,-11422.6,-11988.2
1800.0,-23.3,-11702.1,-10580.7
1800.0,-1.1,-8700.6,-6193.3
1800.0,-0.8,-3236.5,-41.7
1800.0,-0.6,3160.8,6138.4
1800.0,-0.4,8673.2,10577.7
1800.0,-0.3,11710.3,11983.9
1800.0,-0.2,11374.4,9923.0
1800.0,-12.5,7733.7,4965.9
1800.0,-21.5,1823.6,-1459.1
1800.0,1.6,-4637.7,-7471.9
1800.0,28.1,-9746.1,-11285.7
1800.0,45.5,-11970.4,-11744.4
1800.0,58.2,-10620.7,-8682.0
1800.0,58.4,-6072.9,-2991.9
1800.0,42.6,325.0,3621.4
1800.0,31.0,6641.1,9147.0
1800.0,22.6,10941.0,11879.0
1800.0,16.5,11883.6,10950.1
1800.0,12.0,9148.2,6617.2
1800.0,8.8,3555.5,205.3
1800.0,25.9,-3166.3,-6288.3
1800.0,38.4,-8907.6,-10811.1
1800.0,41.3,-11840.8,-11909.1
1800.0,45.7,-11006.0,-9201.2
1800.0,48.9,-6638.8,-3526.3
1800.0,51.3,-118.8,3304.1
1800.0,37.4,6457.6,9077.9
1800.0,27.3,10943.8,11895.4
1800.0,19.9,11848.8,10803.6
1800.0,14.5,8843.6,6131.4
1800.0,10.6,2893.5,-595.9
1800.0,23.0,-4039.4,-7141.4
1800.0,32.0,-9633.3,-11297.4
1800.0,37.3,-11985.9,-11634.9
1800.0,40.2,-10270.2,-8006.5
1800.0,29.3,-5038.1,-1622.7
1800.0,52.3,1940.7,5337.7
1800.0,38.1,8266.4,10464.1
1800.0,27.8,11732.3,11952.8
1800.0,20.3,11101.4,9249.9
1800.0,14.8,6560.9,3274.1
1800.0,30.9,-314.7,-3880.1
1800.0,42.0,-7095.7,-9666.7
1800.0,50.2,-11353.3,-11996.3
1800.0,58.4,-11531.4,-9997.0
1800.0,64.3,-7531.0,-4359.1
1800.0,68.7,-775.6,2886.5
1800.0,71.9,6282.3,9090.3
1800.0,74.2,11041.9,11948.3
1800.0,69.0,11718.4,10369.2
1800.0,65.3,8025.4,4907.0
1800.0,58.7,1311.2,-2416.4
1800.0,53.8,-5915.3,-8844.2
1800.0,62.0,-10915.1,75.4
1800.0,57.2,264.1,453.1
1800.0,57.3,642.2,831.5
1800.0,60.0,1020.8,1210.1
1800.0,62.9,1399.4,1588.7
1800.0,65.1,1777.8,1966.8
1800.0,71.5,2155.5,2344.0
1800.0,75.5,2532.2,2720.0
1800.0,78.5,2907.3,3094.3
1800.0,80.6,3280.6,3466.4
1800.0,80.6,3651.6,3836.1
1800.0,80.5,4019.9,4202.9
1800.0,87.3,4385.0,4566.3
1800.0,99.7,4746.6,4926.0
1800.0,118.6,5104.2,5281.4
1800.0,140.7,5457.4,5632.3
1800.0,164.0,5805.8,5978.1
1800.0,185.3,6148.9,6318.4
1800.0,214.4,6486.4,6652.8
1800.0,244.4,6817.7,6980.9
1800.0,273.1,7142.5,7302.3
1800.0,302.2,7460.3,7616.4
1800.0,333.4,7770.7,7923.0
1800.0,363.4,8073.3,8221.5
1800.0,404.4,8367.6,8511.6
1800.0,442.4,8653.3,8792.8
1800.0,466.3,8930.0,9064.8
1800.0,502.2,9197.2,9327.1
1800.0,564.7,9454.5,9579.3
1800.0,577.5,9701.5,9821.1
1800.0,612.6,9937.9,10052.0
1800.0,659.9,10163.3,10271.8
1800.0,688.8,10377.3,10479.9
1800.0,727.5,10579.5,10676.1
1800.0,765.1,10769.7,10860.1
1800.0,783.1,10947.3,11031.4
1800.0,771.9,11112.2,11189.7
1800.0,776.7,11264.0,11334.8
1800.0,789.6,11402.3,11466.4
1800.0,796.8,11526.9,11584.0
1800.0,852.0,11637.6,11687.6
1800.0,874.4,11734.0,11776.8
1800.0,909.3,11815.9,11851.3
1800.0,913.9,11883.0,11911.0
1800.0,909.5,11935.2,11955.6
1800.0,906.9,11972.2,11984.9
1800.0,956.7,11993.8,11998.8
1800.0,966.4,11999.9,11997.1
1800.0,988.4,11990.4,11979.7
1800.0,1015.5,11965.0,11946.4
1800.0,1053.8,11923.7,11897.1
1800.0,1085.6,11866.5,11831.8
1800.0,1124.4,11793.2,11750.5
1800.0,1102.6,11703.7,11653.0
1800.0,1156.6,11598.2,11539.3
1800.0,1139.1,11476.5,11409.6
1800.0,1128.0,11338.7,11263.8
1800.0,1244.0,11184.8,11101.9
1800.0,1205.8,11015.0,10924.1
1800.0,1280.3,10829.3,10730.5
1800.0,1272.5,10627.8,10521.1
1800.0,1297.1,10410.6,10296.3
1800.0,1329.3,10178.1,10056.0
1800.0,1343.3,9930.2,9800.6
1800.0,1332.8,9667.3,9530.4
1800.0,1389.5,9389.7,9245.4
1800.0,1395.7,9097.5,8946.1
1800.0,1438.9,8791.2,8632.8
1800.0,1445.0,8470.9,8305.7
1800.0,1470.3,8137.2,7965.3
1800.0,1482.6,7790.3,7612.0
1800.0,1497.1,7430.6,7246.2
1800.0,1496.6,7058.7,6868.3
1800.0,1524.1,6675.0,6478.8
1800.0,1541.0,6279.9,6078.2
1800.0,1577.0,5873.9,5667.0
1800.0,1582.2,5457.7,5245.9
1800.0,1591.1,5031.7,4815.2
1800.0,1581.4,4596.6,4375.7
1800.0,1592.5,4152.9,3928.0
1800.0,1600.9,3701.3,3472.7
1800.0,1595.0,3242.5,3010.5
1800.0,1582.3,2777.1,2542.1
1800.0,1597.4,2305.8,2068.2
1800.0,1586.3,1829.3,1589.4
1800.0,1584.4,1348.5,1106.7
1800.0,1576.5,864.0,620.6
1800.0,1555.8,376.6,132.1
1800.0,1528.6,-112.8,-358.1
1800.0,1497.5,-603.6,-849.2
1800.0,1476.4,-1094.8,-1340.3
1800.0,1413.5,-1585.6,-1830.6
1800.0,1365.8,-2075.2,-2319.3
1800.0,1327.7,-2562.7,-2805.4
1800.0,1296.4,-3047.3,-3288.2
1800.0,1252.4,-3528.0,-3766.7
1800.0,1202.8,-4004.1,-4240.0
1800.0,1140.6,-4474.5,-4707.3
1800.0,1082.6,-4938.4,-5167.7
1800.0,1027.9,-5395.0,-5620.3
1800.0,967.3,-5843.3,-6064.1
1800.0,907.1,-6282.5,-6498.4
1800.0,841.2,-6711.6,-6922.2
1800.0,777.5,-7129.9,-7334.6
1800.0,711.2,-7536.3,-7734.8
1800.0,661.6,-7930.1,-8122.0
1800.0,595.2,-8310.4,-8495.2
1800.0,532.1,-8676.3,-8853.7
1800.0,489.7,-9027.1,-9196.6
1800.0,429.9,-9362.0,-9523.2
1800.0,382.3,-9680.1,-9832.6
1800.0,329.5,-9980.7,-10124.2
1800.0,290.9,-10263.1,-10397.2
1800.0,262.8,-10526.5,-10650.8
1800.0,242.4,-10770.2,-10884.5
1800.0,227.4,-10993.7,-11097.6
1800.0,183.7,-11196.2,-11289.4
1800.0,133.9,-11377.2,-11459.4
1800.0,64.2,-11536.1,-11607.1
1800.0,-6.5,-11672.4,-11731.9
1800.0,-57.4,-11785.6,-11833.5
1800.0,-107.2,-11875.3,-11911.2
1800.0,-158.1,-11941.1,-11964.9
1800.0,-208.2,-11982.6,-11994.2
1800.0,-252.3,-11999.6,-11998.8
1800.0,-297.4,-11991.7,-11978.4
1800.0,-341.3,-11958.8,-11932.8
1800.0,-386.4,-11900.6,-11862.1
1800.0,-433.8,-11817.2,-11766.0
1800.0,-475.6,-11708.4,-11644.5
1800.0,-464.4,-11574.3,-11497.7
1800.0,-595.4,-11414.9,-11325.7
1800.0,-572.9,-11230.3,-11128.6
1800.0,-613.1,-11020.8,-10906.7
1800.0,-642.0,-10786.5,-10660.1
1800.0,-646.6,-10527.7,-10389.3
1800.0,-643.1,-10244.9,-10094.5
1800.0,-698.7,-9938.3,-9776.3
1800.0,-712.6,-9608.6,-9435.2
1800.0,-728.6,-9256.2,-9071.7
1800.0,-763.0,-8881.8,-8686.5
1800.0,-739.3,-8486.0,-8280.2
1800.0,-780.9,-8069.5,-7853.7
1800.0,-808.6,-7633.1,-7407.7
1800.0,-812.9,-7177.6,-6943.1
1800.0,-831.9,-6704.1,-6460.8
1800.0,-877.3,-6213.3,-5961.8
1800.0,-900.7,-5706.4,-5447.2
1800.0,-921.6,-5184.3,-4918.0
1800.0,-943.7,-4648.3,-4375.4
1800.0,-958.2,-4099.5,-3820.7
1800.0,-980.5,-3539.1,-3255.0
1800.0,-990.9,-2968.4,-2679.6
1800.0,-998.1,-2388.7,-2095.9
1800.0,-999.8,-1801.4,-1505.3
1800.0,-984.5,-1207.8,-909.2
1800.0,-971.0,-609.5,-309.0
1800.0,-977.5,-7.8,293.8
1800.0,-982.5,595.7,897.7
1800.0,-994.3,1199.5,1501.0
1800.0,-983.0,1802.0,2102.3
1800.0,-956.0,2401.7,2700.0
1800.0,-922.6,2997.0,3292.5
1800.0,-882.4,3586.3,3878.2
1800.0,-835.5,4167.9,4455.4
1800.0,-786.0,4740.3,5022.6
1800.0,-736.6,5301.9,5578.1
1800.0,-686.9,5851.0,6120.4
1800.0,-622.1,6386.0,6647.8
1800.0,-570.0,6905.4,7158.8
1800.0,-516.0,7407.6,7651.8
1800.0,-456.5,7891.1,8125.4
1800.0,-406.0,8354.4,8578.0
1800.0,-351.6,8795.9,9008.1
1800.0,-312.0,9214.3,9414.4
1800.0,-283.0,9608.2,9795.5
1800.0,-262.0,9976.2,10150.1
1800.0,-246.6,10317.1,10477.0
1800.0,-197.3,10629.6,10774.8
1800.0,-143.9,10912.6,11042.6
1800.0,-72.4,11164.9,11279.3
1800.0,-7.0,11385.7,11483.9
1800.0,51.5,11573.8,11655.5
1800.0,107.7,11728.6,11793.2
1800.0,148.8,11849.2,11896.5
1800.0,202.1,11935.0,11964.6
1800.0,222.4,11985.3,11997.1
1800.0,328.0,11999.8,11993.5
1800.0,352.6,11978.0,11953.5
1800.0,393.6,11919.8,11876.9
1800.0,432.9,11824.8,11763.6
1800.0,470.4,11693.2,11613.6
1800.0,459.3,11524.9,11427.1
1800.0,557.9,11320.2,11204.3
1800.0,563.4,11079.5,10945.7
1800.0,560.0,10803.0,10651.6
1800.0,567.9,10491.5,10322.7
1800.0,607.5,10145.5,9959.8
1800.0,627.9,9765.9,9563.8
1800.0,654.8,9353.6,9135.5
1800.0,684.5,8909.7,8676.2
1800.0,713.9,8435.3,8187.1
1800.0,720.1,7931.8,7669.5
1800.0,721.7,7400.5,7124.9
1800.0,759.9,6843.0,6554.9
1800.0,800.1,6260.9,5961.2
1800.0,824.3,5656.0,5345.5
1800.0,864.9,5030.0,4709.8
1800.0,894.6,4385.1,4056.1
1800.0,914.9,3723.2,3386.5
1800.0,930.7,3046.4,2703.2
1800.0,944.5,2357.1,2008.4
1800.0,944.8,1657.4,1304.5
1800.0,941.4,949.9,593.9
1800.0,937.7,236.8,-121.0
1800.0,956.1,-479.2,-837.5
1800.0,950.6,-1195.6,-1553.2
1800.0,936.9,-1909.9,-2265.5
1800.0,914.2,-2619.4,-2971.6
1800.0,883.7,-3321.6,-3669.0
1800.0,847.8,-4013.6,-4355.0
1800.0,803.5,-4692.9,-5027.0
1800.0,762.6,-5356.9,-5682.3
1800.0,717.3,-6002.9,-6318.3
1800.0,662.1,-6628.3,-6932.4
1800.0,609.2,-7230.5,-7522.2
1800.0,553.1,-7807.1,-8085.0
1800.0,501.8,-8355.6,-8618.5
1800.0,441.9,-8873.6,-9120.5
1800.0,390.1,-9358.9,-9588.5
1800.0,356.3,-9809.2,-10020.6
1800.0,307.9,-10222.5,-10414.6
1800.0,272.6,-10596.7,-10768.7
1800.0,232.2,-10930.2,-11081.0
1800.0,182.3,-11221.1,-11350.1
1800.0,132.9,-11467.8,-11574.3
1800.0,96.9,-11669.1,-11752.3
1800.0,42.4,-11823.7,-11883.1
1800.0,-0.3,-11930.5,-11965.7
1800.0,-48.3,-11988.6,-11999.2
1800.0,-96.7,-11997.4,-11983.2
1800.0,-143.9,-11956.4,-11917.1
1800.0,-187.2,-11865.3,-11800.9
1800.0,-238.9,-11724.0,-11634.6
1800.0,-279.5,-11532.7,-11418.4
1800.0,-326.6,-11291.8,-11152.9
1800.0,-366.2,-11001.8,-10838.6
1800.0,-396.7,-10663.5,-10476.6
1800.0,-433.3,-10278.1,-10068.0
1800.0,-473.5,-9846.7,-9614.2
1800.0,-511.0,-9370.8,-9116.7
1800.0,-543.3,-8852.2,-8577.4
1800.0,-575.9,-8292.7,-7998.3
1800.0,-604.8,-7694.5,-7381.7
1800.0,-622.7,-7060.0,-6729.9
1800.0,-655.2,-6391.7,-6045.8
1800.0,-674.4,-5692.4,-5332.0
1800.0,-710.8,-4964.9,-4591.6
1800.0,-736.0,-4212.4,-3827.8
1800.0,-762.9,-3438.2,-3044.0
1800.0,-779.9,-2645.6,-2243.6
1800.0,-791.0,-1838.3,-1430.2
1800.0,-795.1,-1019.9,-607.7
1800.0,-786.2,-194.2,220.2
1800.0,-786.8,634.9,1049.5
1800.0,-784.3,1463.4,1876.3
1800.0,-776.0,2287.4,2696.4
1800.0,-759.5,3102.7,3505.9
1800.0,-743.6,3905.3,4300.6
1800.0,-715.1,4691.1,5076.5
1800.0,-676.5,5456.1,5829.6
1800.0,-624.9,6196.3,6555.8
1800.0,-580.4,6907.7,7251.3
1800.0,-533.7,7586.4,7912.4
1800.0,-486.3,8228.8,8535.2
1800.0,-432.3,8831.2,9116.3
1800.0,-378.3,9390.1,9652.3
1800.0,-337.2,9902.3,10139.9
1800.0,-286.5,10364.8,10576.4
1800.0,-242.1,10774.5,10958.8
1800.0,-191.8,11128.9,11284.6
1800.0,-139.8,11425.6,11551.7
1800.0,-102.0,11662.6,11758.1
1800.0,-61.3,11837.9,11902.0
1800.0,-15.5,11950.2,11982.3
1800.0,26.4,11998.2,11997.8
1800.0,74.5,11981.0,11947.8
1800.0,130.7,11898.2,11832.2
1800.0,187.0,11749.7,11650.9
1800.0,235.5,11535.7,11404.3
1800.0,263.7,11256.7,11093.2
1800.0,348.3,10913.9,10718.9
1800.0,409.3,10508.4,10282.8
1800.0,437.9,10042.2,9786.9
1800.0,443.8,9517.2,9233.5
1800.0,500.4,8936.1,8625.3
1800.0,532.2,8301.5,7965.3
1800.0,554.2,7616.9,7256.9
1800.0,573.7,6885.7,6503.8
1800.0,643.9,6111.8,5710.2
1800.0,658.7,5299.4,4880.2
1800.0,664.2,4453.1,4018.7
1800.0,696.2,3577.6,3130.4
1800.0,722.2,2677.9,2220.6
1800.0,741.4,1759.3,1294.6
1800.0,751.2,827.2,357.9
1800.0,739.2,-112.7,-583.9
1800.0,728.8,-1054.8,-1524.8
1800.0,750.1,-1993.1,-2459.1
1800.0,738.7,-2921.8,-3380.7
1800.0,717.7,-3835.0,-4283.9
1800.0,686.2,-4726.6,-5162.5
1800.0,650.5,-5590.9,-6010.9
1800.0,611.1,-6422.0,-6823.3
1800.0,562.0,-7214.3,-7594.1
1800.0,512.1,-7962.2,-8318.0
1800.0,464.1,-8660.6,-8989.6
1800.0,415.7,-9304.4,-9604.3
1800.0,364.6,-9888.7,-10157.3
1800.0,329.2,-10409.3,-10644.4
1800.0,286.5,-10862.0,-11061.8
1800.0,255.4,-11243.3,-11406.0
1800.0,214.2,-11549.8,-11674.1
1800.0,171.1,-11778.8,-11863.5
1800.0,139.7,-11928.0,-11972.2
1800.0,101.9,-11995.7,-11998.7
1800.0,63.5,-11980.8,-11942.1
1800.0,16.8,-11882.5,-11802.0
1800.0,-28.1,-11700.7,-11578.7
1800.0,-77.7,-11436.1,-11273.1
1800.0,-133.7,-11089.8,-10886.4
1800.0,-185.6,-10663.4,-10420.9
1800.0,-230.9,-10159.3,-9879.0
1800.0,-281.8,-9580.5,-9264.2
1800.0,-323.1,-8930.5,-8580.1
1800.0,-355.5,-8213.5,-7831.2
1800.0,-400.0,-7434.0,-7022.4
1800.0,-431.1,-6597.3,-6159.2
1800.0,-442.1,-5709.0,-5247.5
1800.0,-467.3,-4775.5,-4293.8
1800.0,-500.0,-3803.3,-3304.9
1800.0,-527.7,-2799.4,-2287.9
1800.0,-554.1,-1771.3,-1250.4
1800.0,-576.3,-726.5,-200.3
1800.0,-583.4,327.1,854.6
1800.0,-589.5,1381.2,1906.0
1800.0,-568.3,2427.8,2945.6
1800.0,-574.6,3458.4,3965.2
1800.0,-567.5,4464.9,4956.4
1800.0,-541.2,5438.9,5911.2
1800.0,-506.1,6372.5,6821.6
1800.0,-464.2,7257.7,7679.7
1800.0,-423.7,8086.9,8478.2
1800.0,-383.3,8852.9,9210.0
1800.0,-338.3,9548.9,9868.5
1800.0,-295.1,10168.4,10447.6
1800.0,-263.6,10705.6,10941.8
1800.0,-240.6,11155.4,11346.0
1800.0,-223.9,11513.1,11656.3
1800.0,-176.9,11775.0,11869.0
1800.0,-113.1,11937.9,11981.4
1800.0,-36.0,11999.5,11991.8
1800.0,23.5,11958.4,11899.1
1800.0,86.4,11814.0,11703.2
1800.0,137.4,11566.7,11404.8
1800.0,185.4,11217.7,11005.6
1800.0,242.4,10769.1,10508.3
1800.0,295.4,10224.0,9916.5
1800.0,330.1,9586.4,9234.4
1800.0,364.9,8861.2,8467.5
1800.0,396.7,8054.1,7621.9
1800.0,437.1,7171.7,6704.6
1800.0,467.0,6221.4,5723.3
1800.0,487.1,5211.3,4686.5
1800.0,516.7,4150.1,3603.4
1800.0,556.2,3047.4,2483.4
1800.0,588.8,1912.8,1336.9
1800.0,612.7,757.0,174.4
1800.0,627.4,-409.4,-993.2
1800.0,626.5,-1575.5,-2154.9
1800.0,629.1,-2730.0,-3299.4
1800.0,624.1,-3861.7,-4415.5
1800.0,605.6,-4959.4,-5492.2
1800.0,591.4,-6012.3,-6518.5
1800.0,564.5,-7009.4,-7483.9
1800.0,524.0,-7940.6,-8378.4
1800.0,479.3,-8796.0,-9192.3
1800.0,434.6,-9566.3,-9916.9
1800.0,385.8,-10243.1,-10544.0
1800.0,337.2,-10818.7,-11066.3
1800.0,301.8,-11286.2,-11477.7
1800.0,261.3,-11640.1,-11772.9
1800.0,231.8,-11875.6,-11947.8
1800.0,210.3,-11989.2,-11999.6
1800.0,194.6,-11978.7,-11926.5
1800.0,157.8,-11842.9,-11728.2
1800.0,89.1,-11582.3,-11405.6
1800.0,19.1,-11198.5,-10961.2
1800.0,-20.8,-10694.3,-10398.5
1800.0,-56.5,-10074.3,-9722.5
1800.0,-100.0,-9343.9,-8939.5
1800.0,-138.9,-8510.2,-8057.1
1800.0,-171.8,-7581.3,-7084.0
1800.0,-203.9,-6566.4,-6030.1
1800.0,-241.0,-5476.2,-4906.4
1800.0,-266.7,-4322.0,-3724.7
1800.0,-305.7,-3116.1,-2497.8
1800.0,-336.0,-1871.6,-1239.2
1800.0,-363.3,-602.3,37.3
1800.0,-382.5,677.7,1317.1
1800.0,-392.4,1953.8,2585.7
1800.0,-378.1,3211.2,3828.3
1800.0,-382.3,4435.2,5030.1
1800.0,-377.9,5611.3,6176.9
1800.0,-366.2,6725.2,7254.5
1800.0,-341.8,7763.3,8249.7
1800.0,-308.0,8712.4,9149.9
1800.0,-283.4,9560.6,9943.3
1800.0,-248.3,10296.7,10619.6
1800.0,-222.6,10910.8,11169.4
1800.0,-174.3,11394.3,11584.9
1800.0,-139.1,11740.2,11859.8
1800.0,-91.4,11943.0,11989.5
1800.0,-44.2,11998.9,11971.0
1800.0,4.5,11905.8,11803.2
1800.0,69.9,11663.5,11486.9
1800.0,128.3,11273.9,11024.8
1800.0,170.9,10740.4,10421.4
1800.0,207.8,10068.6,9683.1
1800.0,230.2,9265.9,8818.2
1800.0,296.9,8341.4,7836.9
1800.0,323.7,7306.1,6750.7
1800.0,354.0,6172.4,5573.0
1800.0,389.8,4954.4,4318.5
1800.0,417.8,3667.4,3003.1
1800.0,462.6,2327.8,1643.8
1800.0,478.7,953.2,258.4
1800.0,500.2,-438.3,-1134.6
1800.0,501.5,-1828.1,-2516.5
1800.0,489.5,-3197.2,-3868.0
1800.0,490.2,-4526.6,-5170.7
1800.0,478.3,-5797.7,-6405.8
1800.0,459.9,-6992.4,-7555.7
1800.0,431.9,-8093.3,-8603.4
1800.0,397.5,-9084.1,-9533.5
1800.0,358.1,-9949.8,-10331.5
1800.0,329.3,-10677.1,-10985.1
1800.0,285.3,-11254.3,-11483.5
1800.0,253.2,-11671.7,-11818.1
1800.0,229.8,-11921.9,-11982.6
1800.0,212.7,-11999.7,-11973.1
1800.0,178.8,-11902.5,-11788.2
1800.0,130.4,-11630.1,-11428.9
1800.0,75.9,-11185.0,-10899.1
1800.0,19.9,-10572.2,-10205.2
1800.0,-22.5,-9799.4,-9356.1
1800.0,-82.1,-8876.8,-8363.2
1800.0,-139.5,-7817.0,-7240.3
1800.0,-170.0,-6635.0,-6003.4
1800.0,-205.5,-5347.8,-4670.6
1800.0,-228.2,-3974.4,-3261.6
1800.0,-262.3,-2535.1,-1797.7
1800.0,-295.2,-1052.1,-301.2
1800.0,-329.7,451.9,1204.4
1800.0,-340.5,1953.2,2695.5
1800.0,-338.3,3428.1,4148.1
1800.0,-336.1,4852.5,5538.5
1800.0,-338.6,6203.2,6843.8
1800.0,-332.4,7457.5,8041.9
1800.0,-313.9,8594.4,9112.5
1800.0,-287.4,9593.9,10036.6
1800.0,-256.0,10438.5,10797.8
1800.0,-233.1,11112.7,11381.8
1800.0,-216.5,11603.8,11777.4
1800.0,-204.3,11901.8,11976.1
1800.0,-168.2,12000.0,11972.9
1800.0,-122.6,11894.9,11766.0
1800.0,-51.7,11586.5,11357.0
1800.0,17.2,11078.3,10751.3
1800.0,88.3,10377.2,9957.5
1800.0,140.8,9493.7,8987.8
1800.0,182.6,8441.7,7857.6
1800.0,219.0,7238.0,6585.5
1800.0,273.4,5902.8,5192.8
1800.0,313.4,4458.5,3703.2
1800.0,358.9,2930.1,2142.6
1800.0,386.2,1344.3,538.7
1800.0,413.2,-270.5,-1079.7
1800.0,431.0,-1885.2,-2683.3
1800.0,423.1,-3470.1,-4242.2
1800.0,439.8,-4995.8,-5727.4
1800.0,431.5,-6433.3,-7110.3
1800.0,410.2,-7755.1,-8364.3
1800.0,391.7,-8935.0,-9464.4
1800.0,365.3,-9949.8,-10388.5
1800.0,330.4,-10778.4,-11117.3
1800.0,281.5,-11403.4,-11635.1
1800.0,239.4,-11810.9,-11929.9
1800.0,208.7,-11991.1,-11994.1
1800.0,186.3,-11938.5,-11824.3
1800.0,170.0,-11651.8,-11421.7
1800.0,158.0,-11134.8,-10792.2
1800.0,96.4,-10395.5,-9946.4
1800.0,51.4,-9446.8,-8899.1
1800.0,8.6,-8305.8,-7669.6
1800.0,-36.0,-6993.7,-6281.3
1800.0,-77.9,-5535.8,-4760.9
1800.0,-118.9,-3960.5,-3138.6
1800.0,-154.0,-2299.2,-1446.7
1800.0,-190.6,-585.3,280.2
1800.0,-222.8,1145.7,2006.5
1800.0,-246.3,2858.0,3695.8
1800.0,-258.3,4515.2,5312.1
1800.0,-253.6,6081.9,6820.5
1800.0,-249.6,7523.6,8187.6
1800.0,-244.4,8808.6,9383.0
1800.0,-227.9,9907.4,10379.0
1800.0,-201.6,10794.8,11152.4
1800.0,-182.4,11449.4,11684.1
1800.0,-148.0,11854.8,11960.3
1800.0,-107.9,11999.7,11972.5
1800.0,-67.0,11878.6,11718.2
1800.0,-21.5,11491.8,11200.5
1800.0,20.1,10845.6,10428.9
1800.0,69.9,9952.3,9418.5
1800.0,107.5,8830.1,8190.2
1800.0,142.1,7502.4,6770.4
1800.0,177.7,5998.2,5190.0
1800.0,218.6,4350.5,3484.5
1800.0,257.9,2596.7,1692.4
1800.0,292.4,776.7,-144.7
1800.0,322.4,-1066.9,-1984.0
1800.0,338.8,-2890.7,-3781.5
1800.0,330.5,-4651.0,-5493.9
1800.0,327.5,-6304.9,-7079.1
1800.0,326.9,-7811.5,-8497.6
1800.0,318.3,-9132.9,-9713.4
1800.0,298.1,-10235.1,-10694.7
1800.0,275.5,-11089.0,-11415.2
1800.0,240.9,-11671.2,-11854.8
1800.0,196.7,-11964.8,-12000.0
1800.0,143.5,-11959.8,-11844.3
1800.0,104.6,-11653.8,-11389.1
1800.0,58.7,-11051.7,-10643.3
1800.0,25.3,-10166.3,-9623.3
1800.0,-9.2,-9017.6,-8352.9
1800.0,-32.4,-7633.0,-6862.6
1800.0,-71.1,-6046.3,-5189.4
1800.0,-110.3,-4297.2,-3375.3
1800.0,-142.2,-2429.9,-1467.1
1800.0,-177.5,-493.1,485.7
1800.0,-209.0,1462.8,2431.4
1800.0,-232.0,3385.2,4317.7
1800.0,-248.5,5222.4,6093.1
1800.0,-243.3,6923.8,7708.6
1800.0,-235.2,8441.9,9118.4
1800.0,-237.2,9733.4,10282.2
1800.0,-219.1,10760.7,11165.4
1800.0,-205.9,11493.0,11741.0
1800.0,-196.3,11907.2,11990.1
1800.0,-170.1,11988.8,11902.8
1800.0,-124.0,11732.5,11478.6
1800.0,-68.0,11142.5,10726.4
1800.0,-3.8,10232.8,9664.9
1800.0,42.8,9026.6,8322.0
1800.0,89.7,7556.0,6733.9
1800.0,141.8,5861.6,4944.9
1800.0,189.8,3990.7,3005.6
1800.0,224.9,1996.9,971.9
1800.0,267.3,-61.9,-1096.8
1800.0,294.7,-2125.0,-3138.8
1800.0,312.7,-4130.6,-5092.7
1800.0,309.6,-6017.7,-6898.4
1800.0,307.0,-7728.0,-8500.0
1800.0,313.6,-9208.0,-9846.3
1800.0,301.1,-10409.9,-10893.9
1800.0,282.0,-11294.3,-11607.5
1800.0,254.3,-11830.8,-11961.9
1800.0,223.5,-11999.5,-11942.9
1800.0,201.0,-11791.9,-11547.5
1800.0,159.2,-11211.1,-10785.1
1800.0,128.8,-10272.3,-9676.5
1800.0,93.9,-9002.2,-8254.4
1800.0,58.1,-7438.8,-6561.7
1800.0,20.6,-5630.0,-4651.0
1800.0,-22.7,-3632.7,-2582.9
1800.0,-78.6,-1510.3,-423.7
1800.0,-129.2,667.9,1755.8
1800.0,-161.5,2830.7,3883.5
1800.0,-185.3,4905.3,5887.6
1800.0,-189.4,6821.7,7699.6
1800.0,-187.5,8513.5,9256.4
1800.0,-186.1,9921.5,10502.7
1800.0,-182.5,10994.7,11393.0
1800.0,-179.9,11693.5,11893.4
1800.0,-178.0,11990.3,11983.0
1800.0,-176.6,11871.1,11655.1
1800.0,-148.6,11336.4,10917.4
1800.0,-128.2,10401.3,9792.3
1800.0,-78.5,9095.3,8316.3
1800.0,-21.1,7461.6,6538.8
1800.0,37.2,5555.8,4521.2
1800.0,88.6,3444.1,2334.2
1800.0,135.4,1201.3,55.9
1800.0,183.9,-1091.8,-2231.3
1800.0,219.3,-3351.8,-4443.1
1800.0,240.2,-5494.7,-6497.0
1800.0,240.1,-7440.1,-8315.1
1800.0,233.3,-9113.3,-9827.0
1800.0,233.8,-10449.1,-10973.2
1800.0,216.3,-11393.9,-11706.7
1800.0,203.5,-11908.2,-11996.0
1800.0,177.7,-11968.7,-11825.9
1800.0,143.2,-11568.7,-11198.9
1800.0,118.1,-10719.7,-10135.3
1800.0,99.7,-9450.8,-8672.6
1800.0,62.0,-7807.9,-6864.8
1800.0,17.6,-5852.4,-4780.3
1800.0,-17.4,-3659.0,-2499.6
1800.0,-60.5,-1313.4,-112.1
1800.0,-99.4,1092.1,2286.9
1800.0,-136.8,3460.4,4600.5
1800.0,-159.6,5695.4,6733.5
1800.0,-165.7,7704.2,8597.0
1800.0,-170.3,9402.5,10111.7
1800.0,-170.3,10717.0,11211.7
1800.0,-165.1,11589.9,11847.2
1800.0,-161.4,11980.4,11987.5
1800.0,-162.2,11867.9,11622.3
1800.0,-130.6,11252.6,10762.4
1800.0,-82.9,10156.3,9440.2
1800.0,-26.9,8621.6,7708.5
1800.0,16.1,6710.6,5638.4
1800.0,55.9,4503.2,3317.0
1800.0,100.9,2092.6,843.5
1800.0,138.9,-416.7,-1674.3
1800.0,178.3,-2915.2,-4125.5
1800.0,205.4,-5291.5,-6400.1
1800.0,206.3,-7438.6,-8394.8
1800.0,204.4,-9257.6,-10016.8
1800.0,204.6,-10663.5,-11189.6
1800.0,196.0,-11588.5,-11855.2
1800.0,189.7,-11986.1,-11978.9
1800.0,185.1,-11833.1,-11549.9
1800.0,181.8,-11131.9,-10583.2
1800.0,152.7,-9909.9,-9119.3
1800.0,111.3,-8220.1,-7222.4
1800.0,43.5,-6137.7,-4978.6
1800.0,-8.0,-3758.2,-2491.2
1800.0,-49.0,-1192.3,122.7
1800.0,-97.8,1438.3,2738.4
1800.0,-136.7,4007.3,5229.2
1800.0,-159.8,6389.2,7472.7
1800.0,-165.6,8466.0,9356.6
1800.0,-164.9,10132.8,10784.8
1800.0,-161.2,11303.6,11682.3
1800.0,-158.5,11915.6,11999.7
1800.0,-156.5,11933.1,11715.8
1800.0,-142.7,11350.0,10839.6
1800.0,-104.1,10190.5,9410.3
1800.0,-75.9,8508.5,7495.9
1800.0,-4.9,6385.4,5190.6
1800.0,42.9,3926.9,2610.2
1800.0,89.1,1257.5,-113.7
1800.0,133.9,-1485.3,-2839.6
1800.0,172.4,-4158.4,-5424.1
1800.0,201.4,-6619.7,-7728.9
1800.0,204.7,-8736.7,-9628.9
1800.0,200.3,-10393.1,-11018.4
1800.0,207.8,-11495.7,-11818.0
1800.0,213.3,-11980.0,-11979.0
1800.0,193.2,-11814.1,-11486.9
1800.0,178.6,-11001.2,-10363.0
1800.0,130.2,-9580.3,-8663.5
1800.0,94.9,-7624.7,-6477.9
1800.0,69.2,-5238.6,-3923.8
1800.0,13.4,-2551.8,-1141.8
1800.0,-21.4,286.6,1713.1
1800.0,-44.5,3117.3,4479.0
1800.0,-76.7,5778.3,6996.6
1800.0,-88.4,8115.6,9118.9
1800.0,-97.0,9991.1,10719.3
1800.0,-98.0,11291.9,11700.0
1800.0,-98.8,11936.7,11997.9
1800.0,-72.0,11881.8,11589.3
1800.0,-25.2,11124.1,10492.2
1800.0,2.4,9702.4,8765.9
1800.0,43.4,7696.1,6508.4
1800.0,72.9,5220.4,3851.2
1800.0,108.7,2421.3,952.4
1800.0,143.3,-533.4,-2013.2
1800.0,174.7,-3464.2,-4863.7
1800.0,191.7,-6189.9,-7421.9
1800.0,194.7,-8539.9,-9525.8
1800.0,192.4,-10363.8,-11039.9
1800.0,188.0,-11542.8,-11863.5
1800.0,173.8,-11996.3,-11938.2
1800.0,163.5,-11689.2,-11252.6
1800.0,132.5,-10634.4,-9843.8
1800.0,110.0,-8892.9,-7796.4
1800.0,93.5,-6571.3,-5237.2
1800.0,58.1,-3815.4,-2328.8
1800.0,19.0,-801.8,740.9
1800.0,-14.5,2273.6,3770.8
1800.0,-51.2,5207.2,6558.9
1800.0,-77.9,7802.7,8917.2
1800.0,-91.9,9882.8,10682.9
1800.0,-99.9,11302.9,11731.5
1800.0,-105.6,11960.5,11985.1
1800.0,-109.9,11804.0,11419.4
1800.0,-97.3,10837.1,10066.0
1800.0,-71.0,9119.0,8011.6
1800.0,-32.6,6762.6,5393.1
1800.0,16.2,3926.7,2388.9
1800.0,57.3,806.5,-792.3
1800.0,101.3,-2379.7,-3926.9
1800.0,131.7,-5406.1,-6790.3
1800.0,153.9,-8054.4,-9174.9
1800.0,159.0,-10130.9,-10904.1
1800.0,154.6,-11479.7,-11846.4
1800.0,151.4,-11996.4,-11926.0
1800.0,149.1,-11635.4,-11129.2
1800.0,147.4,-10415.7,-9507.4
1800.0,146.1,-8420.1,-7173.6
1800.0,106.6,-5790.5,-4296.2
1800.0,59.8,-2718.7,-1087.2
1800.0,4.9,567.4,2213.7
1800.0,-38.7,3819.9,5355.4
1800.0,-70.4,6790.2,8096.2
1800.0,-86.1,9247.3,10220.7
1800.0,-97.9,10996.7,11559.0
1800.0,-99.3,11895.9,11999.6
1800.0,-85.4,11867.0,11499.8
1800.0,-80.2,10904.1,10090.8
1800.0,-58.5,9075.1,7876.3
1800.0,-25.7,6518.0,5026.3
1800.0,-1.9,3431.0,1763.9
1800.0,28.6,58.5,-1650.4
1800.0,63.1,-3328.4,-4940.7
1800.0,88.6,-6453.9,-7836.2
1800.0,100.7,-9058.8,-10095.4
1800.0,109.8,-10923.7,-11525.3
1800.0,116.5,-11886.9,-11999.7
1800.0,121.3,-11860.1,-11470.0
1800.0,124.9,-10836.6,-9972.2
1800.0,125.5,-8894.1,-7624.6
1800.0,101.9,-6189.7,-4619.7
1800.0,58.7,-2947.8,-1209.9
1800.0,0.5,557.0,2314.4
1800.0,-40.9,4023.9,5648.0
1800.0,-71.7,7150.4,8497.9
1800.0,-94.2,9659.8,10609.6
1800.0,-100.2,11325.1,11789.6
1800.0,-104.6,11991.4,11924.8
1800.0,-107.8,11590.2,10993.9
1800.0,-110.1,10148.1,9071.0
1800.0,-97.9,7786.1,6321.6
1800.0,-71.4,4710.3,2988.5
1800.0,-32.5,1195.5,-627.9
1800.0,15.6,-2439.5,-4197.2
1800.0,48.4,-5859.6,-7387.6
1800.0,72.4,-8744.8,-9898.5
1800.0,83.3,-10820.6,-11488.2
1800.0,87.4,-11884.4,-11998.6
1800.0,90.4,-11826.6,-11371.5
1800.0,92.6,-10642.7,-9656.7
1800.0,77.6,-8436.1,-7009.5
1800.0,56.6,-5410.4,-3677.1
1800.0,41.2,-1851.4,22.2
1800.0,6.3,1898.2,3730.3
1800.0,-27.2,5472.7,7081.9
1800.0,-42.9,8517.5,9742.7
1800.0,-55.0,10725.9,11441.4
1800.0,-59.6,11869.8,11999.2
1800.0,-63.0,11824.9,11349.9
1800.0,-45.9,10585.2,9548.7
1800.0,-33.5,8266.0,6768.8
1800.0,-7.8,5095.1,3287.0
1800.0,35.9,1390.9,-544.2
1800.0,59.0,-2467.8,-4329.9
1800.0,83.6,-6081.0,-7674.6
1800.0,107.8,-9067.8,-10223.1
1800.0,116.0,-11108.4,-11699.0
1800.0,118.7,-11977.9,-11936.1
1800.0,120.7,-11573.3,-10897.9
1800.0,122.1,-9926.7,-8684.9
1800.0,123.2,-7204.8,-5525.9
1800.0,102.5,-3693.3,-1756.7
1800.0,54.6,231.4,2216.0
1800.0,-4.4,4142.1,5955.9
1800.0,-47.4,7606.5,9047.0
1800.0,-78.8,10236.0,11138.8
1800.0,-86.0,11728.9,11988.1
1800.0,-91.3,11907.6,11488.1
1800.0,-95.2,10740.1,9683.5
1800.0,-98.0,8347.2,6768.8
1800.0,-71.5,4992.3,3068.6
1800.0,-39.4,1052.8,-996.7
1800.0,10.9,-3019.8,-4957.6
1800.0,51.5,-6752.5,-8350.9
1800.0,81.1,-9704.5,-10772.3
1800.0,95.2,-11520.9,-11926.9
1800.0,106.5,-11976.3,-11666.2
1800.0,105.6,-11004.2,-10008.8
1800.0,104.9,-8708.6,-7141.9
1800.0,104.5,-5355.4,-3402.3
1800.0,85.9,-1341.9,762.8
1800.0,62.7,2847.1,4846.4
1800.0,36.6,6698.2,8344.3
1800.0,15.6,9732.4,10817.5
1800.0,-4.9,11564.8,11948.9
1800.0,-19.8,11956.0,11584.2
1800.0,-30.7,10843.7,9756.4
1800.0,-38.6,8355.5,6684.9
1800.0,-6.1,4796.5,2750.5
1800.0,17.7,612.5,-1548.5
1800.0,54.2,-3662.3,-5659.7
1800.0,77.9,-7474.7,-9046.6
1800.0,83.1,-10323.1,-11260.4
1800.0,85.9,-11825.9,-11999.1
1800.0,88.0,-11772.5,-11151.9
1800.0,83.0,-10156.3,-8817.6
1800.0,75.5,-7179.7,-5296.1
1800.0,70.0,-3229.9,-1050.8
1800.0,51.0,1167.5,3349.1
1800.0,37.2,5418.9,7305.0
1800.0,27.1,8941.2,10270.3
1800.0,19.8,11244.2,11827.6
1800.0,3.0,11998.1,11748.1
1800.0,-9.2,11084.3,10028.4
1800.0,-18.4,8616.3,6896.0
1800.0,-25.1,4927.6,2780.3
1800.0,-5.6,530.3,-1742.1
1800.0,21.6,-3955.2,-6028.5
1800.0,45.6,-7886.4,-9460.1
1800.0,63.2,-10691.4,-11533.5
1800.0,75.6,-11953.7,-11934.7
1800.0,84.7,-11475.3,-10590.4
1800.0,91.4,-9311.0,-7683.4
1800.0,96.2,-5766.1,-3629.9
1800.0,99.7,-1354.2,975.8
1800.0,87.0,3272.5,5448.5
1800.0,63.4,7420.5,9112.2
1800.0,46.3,10458.2,11404.9
1800.0,18.5,11914.1,11964.3
1800.0,-1.8,11551.4,10689.4
1800.0,-16.6,9409.8,7760.8
1800.0,-12.1,5805.7,3619.3
1800.0,11.0,1287.0,-1099.7
1800.0,29.1,-3446.3,-5659.3
1800.0,65.5,-7649.8,-9337.3
1800.0,91.9,-10652.4,-11541.1
1800.0,91.7,-11965.2,-11905.6
1800.0,89.0,-11362.5,-10355.8
1800.0,77.9,-8924.5,-7125.6
1800.0,56.8,-5031.5,-2726.7
1800.0,41.4,-305.7,2131.6
1800.0,-2.0,4483.8,6652.4
1800.0,-33.6,8546.0,10083.8
1800.0,-56.7,11199.4,11843.9
1800.0,-73.5,11988.0,11623.3
1800.0,-84.2,10763.0,9441.6
1800.0,-79.9,7713.7,5651.8
1800.0,-76.8,3343.2,887.2
1800.0,-56.0,-1611.4,-4043.6
1800.0,-25.9,-6303.0,-8290.0
1800.0,-4.2,-9916.2,-11108.2
1800.0,17.7,-11811.7,-11993.3
1800.0,34.7,-11642.6,-10772.7
1800.0,47.1,-9420.4,-7643.9
1800.0,56.1,-5521.2,-3146.6
1800.0,56.8,-626.2,1926.4
1800.0,56.4,4394.6,6666.5
1800.0,26.8,8636.7,10213.5
1800.0,1.0,11322.5,11910.4
1800.0,-17.8,11947.7,11430.1
1800.0,-31.5,10379.6,8842.5
1800.0,-23.0,6888.7,4608.3
1800.0,-4.7,2107.3,-497.0
1800.0,8.6,-3081.7,-5523.5
1800.0,17.0,-7705.5,-9521.6
1800.0,27.7,-10883.9,-11724.3
1800.0,36.4,-11999.8,-11694.7
1800.0,42.8,-10821.2,-9419.2
1800.0,47.5,-7555.0,-5318.2
1800.0,34.6,-2816.3,-171.9
1800.0,13.5,2484.9,5022.3
1800.0,-0.9,7313.7,9243.6
1800.0,-11.4,10713.8,11648.3
1800.0,-24.2,11998.1,11742.6
1800.0,-33.6,10892.1,9487.1
1800.0,-40.4,7596.8,5315.5
1800.0,-29.5,2758.4,55.8
1800.0,-21.5,-2653.1,-5229.4
1800.0,-15.7,-7538.3,-9458.4
1800.0,-11.4,-10887.9,-11749.8
1800.0,-8.3,-11996.2,-11611.5
1800.0,-6.1,-10613.4,-9051.6
1800.0,3.4,-7006.8,-4585.7
1800.0,10.3,-1916.0,860.4
1800.0,13.7,3594.5,6138.9
1800.0,2.5,8354.7,10121.1
1800.0,-5.7,11339.6,11941.1
1800.0,-17.1,11890.1,11186.4
1800.0,-25.5,9865.8,7998.6
1800.0,-31.6,5685.7,3054.0
1800.0,-23.0,247.9,-2576.2
1800.0,-5.4,-5260.0,-7652.2
1800.0,7.4,-9616.4,-11039.8
1800.0,16.8,-11839.1,-11966.1
1800.0,21.3,-11410.7,-10201.5
1800.0,24.7,-8405.0,-6121.9
1800.0,27.4,-3482.1,-636.7
1800.0,29.4,2249.9,5009.1
1800.0,30.9,7480.2,9516.6
1800.0,22.5,10996.6,11830.3
1800.0,-0.8,11965.8,11391.8
1800.0,-0.6,10139.2,8279.9
1800.0,-0.4,5922.8,3206.3
1800.0,-0.3,292.9,-2642.5
1800.0,-0.2,-5422.2,-7876.6
1800.0,18.0,-9854.8,-11233.7
1800.0,13.1,-11926.1,-11886.6
1800.0,25.5,-11114.2,-9653.4
1800.0,34.5,-7591.7,-5054.7
1800.0,41.1,-2198.7,799.1
1800.0,30.0,3750.7,6471.0
1800.0,1.4,8786.7,10549.4
1800.0,1.0,11644.6,11999.5
1800.0,-18.4,11588.2,10433.7
1800.0,-32.6,8606.7,6222.7
1800.0,-43.0,3432.4,415.5
1800.0,-31.3,-2633.0,-5514.1
1800.0,-22.8,-8038.6,-10039.2
1800.0,-16.7,-11381.9,-11974.9
1800.0,-12.1,-11776.0,-10794.7
1800.0,-8.9,-9092.7,-6780.7
1800.0,9.1,-4010.9,-967.5
1800.0,22.3,2145.7,5117.8
1800.0,31.8,7747.7,9854.5
1800.0,33.9,11292.0,11958.9
1800.0,35.5,11806.0,10840.2
1800.0,36.6,9124.5,6774.5
1800.0,26.7,3951.0,847.7
1800.0,19.5,-2319.4,-5328.6
1800.0,21.0,-7967.7,-10048.9
1800.0,23.8,-11422.6,-11988.2
1800.0,24.8,-11702.1,-10580.7
1800.0,18.1,-8700.6,-6193.3
1800.0,13.2,-3236.5,-41.7
1800.0,9.6,3160.8,6138.4
1800.0,7.0,8673.2,10577.7
1800.0,-15.0,11710.3,11983.9
1800.0,-31.1,11374.4,9923.0
1800.0,-42.8,7733.7,4965.9
1800.0,-23.1,1823.6,-1459.1
1800.0,-9.7,-4637.7,-7471.9
1800.0,11.8,-9746.1,-11285.7
1800.0,19.0,-11970.4,-11744.4
1800.0,33.0,-10620.7,-8682.0
1800.0,43.3,-6072.9,-2991.9
1800.0,50.7,325.0,3621.4
1800.0,56.2,6641.1,9147.0
1800.0,60.1,10941.0,11879.0
1800.0,59.1,11883.6,10950.1
1800.0,58.4,9148.2,6617.2
1800.0,57.8,3555.5,205.3
1800.0,132.5,-3166.3,-6288.3
1800.0,152.9,-8907.6,-10811.1
1800.0,126.7,-11840.8,-11909.1
1800.0,107.7,-11006.0,-9201.2
1800.0,95.7,-6638.8,-3526.3
1800.0,69.8,-118.8,3304.1
1800.0,50.9,6457.6,9077.9
1800.0,37.1,10943.8,11895.4
1800.0,27.1,11848.8,10803.6
1800.0,19.7,8843.6,6131.4
1800.0,39.7,2893.5,-595.9
1800.0,54.3,-4039.4,-7141.4
1800.0,54.6,-9633.3,-11297.4
1800.0,39.8,-11985.9,-11634.9
1800.0,41.0,-10270.2,-8006.5
1800.0,41.9,-5038.1,-1622.7
1800.0,42.6,1940.7,5337.7
1800.0,31.1,8266.4,10464.1
1800.0,22.7,11732.3,11952.8
1800.0,16.5,11101.4,9249.9
1800.0,12.0,6560.9,3274.1
1800.0,8.8,-314.7,-3880.1
1800.0,6.4,-7095.7,-9666.7
1800.0,4.7,-11353.3,-11996.3
1800.0,3.4,-11531.4,-9997.0
1800.0,2.5,-7531.0,-4359.1
1800.0,1.8,-775.6,2886.5
1800.0,1.3,6282.3,9090.3
1800.0,1.0,11041.9,11948.3
1800.0,0.7,11718.4,10369.2
1800.0,-12.2,8025.4,4907.0
1800.0,-21.5,1311.2,-2416.4
1800.0,-7.3,-5915.3,-8844.2
1800.0,3.2,-10915.1,75.4
1800.0,9.1,264.1,453.1
1800.0,13.5,642.2,831.5
1800.0,20.9,1020.8,1210.1
1800.0,26.3,1399.4,1588.7
1800.0,30.2,1777.8,1966.8
1800.0,33.1,2155.5,2344.0
1800.0,35.2,2532.2,2720.0
1800.0,56.5,2907.3,3094.3
1800.0,72.1,3280.6,3466.4
1800.0,83.4,3651.6,3836.1
1800.0,81.0,4019.9,4202.9
1800.0,80.8,4385.0,4566.3
1800.0,83.6,4746.6,4926.0
1800.0,96.7,5104.2,5281.4
1800.0,111.2,5457.4,5632.3
1800.0,132.4,5805.8,5978.1
1800.0,157.3,6148.9,6318.4
1800.0,184.6,6486.4,6652.8
1800.0,217.8,6817.7,6980.9
1800.0,254.7,7142.5,7302.3
1800.0,288.4,7460.3,7616.4
1800.0,317.6,7770.7,7923.0
1800.0,346.9,8073.3,8221.5
1800.0,382.7,8367.6,8511.6
1800.0,413.2,8653.3,8792.8
1800.0,479.8,8930.0,9064.8
1800.0,499.7,9197.2,9327.1
1800.0,525.2,9454.5,9579.3
1800.0,548.4,9701.5,9821.1
1800.0,571.5,9937.9,10052.0
1800.0,602.3,10163.3,10271.8
1800.0,655.0,10377.3,10479.9
1800.0,683.0,10579.5,10676.1
1800.0,700.5,10769.7,10860.1
1800.0,729.5,10947.3,11031.4
1800.0,747.7,11112.2,11189.7
1800.0,769.8,11264.0,11334.8
1800.0,806.4,11402.3,11466.4
1800.0,813.2,11526.9,11584.0
1800.0,829.9,11637.6,11687.6
1800.0,913.6,11734.0,11776.8
1800.0,936.2,11815.9,11851.3
1800.0,901.4,11883.0,11911.0
1800.0,919.2,11935.2,11955.6
1800.0,949.1,11972.2,11984.9
1800.0,950.8,11993.8,11998.8
1800.0,966.3,11999.9,11997.1
1800.0,996.4,11990.4,11979.7
1800.0,1035.3,11965.0,11946.4
1800.0,1077.0,11923.7,11897.1
1800.0,1115.8,11866.5,11831.8
1800.0,1165.0,11793.2,11750.5
1800.0,1148.8,11703.7,11653.0
1800.0,1165.9,11598.2,11539.3
1800.0,1263.2,11476.5,11409.6
1800.0,1237.6,11338.7,11263.8
1800.0,1345.8,11184.8,11101.9
1800.0,1401.5,11015.0,10924.1
1800.0,1355.1,10829.3,10730.5
1800.0,1437.9,10627.8,10521.1
1800.0,1414.7,10410.6,10296.3
1800.0,1478.8,10178.1,10056.0
1800.0,1479.3,9930.2,9800.6
1800.0,1537.9,9667.3,9530.4
1800.0,1507.8,9389.7,9245.4
1800.0,1559.3,9097.5,8946.1
1800.0,1584.5,8791.2,8632.8
1800.0,1558.4,8470.9,8305.7
1800.0,1590.7,8137.2,7965.3
1800.0,1599.3,7790.3,7612.0
1800.0,1606.8,7430.6,7246.2
1800.0,1635.4,7058.7,6868.3
1800.0,1652.1,6675.0,6478.8
1800.0,1658.3,6279.9,6078.2
1800.0,1664.8,5873.9,5667.0
1800.0,1696.3,5457.7,5245.9
1800.0,1718.8,5031.7,4815.2
1800.0,1697.9,4596.6,4375.7
1800.0,1679.4,4152.9,3928.0
1800.0,1683.8,3701.3,3472.7
1800.0,1693.5,3242.5,3010.5
1800.0,1688.5,2777.1,2542.1
1800.0,1679.1,2305.8,2068.2
1800.0,1677.0,1829.3,1589.4
1800.0,1665.5,1348.5,1106.7
1800.0,1655.4,864.0,620.6
1800.0,1631.9,376.6,132.1
1800.0,1617.9,-112.8,-358.1
1800.0,1591.5,-603.6,-849.2
1800.0,1552.7,-1094.8,-1340.3
1800.0,1534.9,-1585.6,-1830.6
1800.0,1502.0,-2075.2,-2319.3
1800.0,1459.9,-2562.7,-2805.4
1800.0,1410.0,-3047.3,-3288.2
1800.0,1349.2,-3528.0,-3766.7
1800.0,1288.3,-4004.1,-4240.0
1800.0,1221.8,-4474.5,-4707.3
1800.0,1159.0,-4938.4,-5167.7
1800.0,1098.9,-5395.0,-5620.3
1800.0,1035.0,-5843.3,-6064.1
1800.0,974.4,-6282.5,-6498.4
1800.0,903.8,-6711.6,-6922.2
1800.0,838.4,-7129.9,-7334.6
1800.0,776.8,-7536.3,-7734.8
1800.0,713.9,-7930.1,-8122.0
1800.0,657.7,-8310.4,-8495.2
1800.0,596.6,-8676.3,-8853.7
1800.0,537.4,-9027.1,-9196.6
1800.0,487.1,-9362.0,-9523.2
1800.0,432.5,-9680.1,-9832.6
1800.0,390.1,-9980.7,-10124.2
1800.0,334.8,-10263.1,-10397.2
1800.0,294.5,-10526.5,-10650.8
1800.0,265.1,-10770.2,-10884.5
1800.0,224.8,-10993.7,-11097.6
1800.0,176.0,-11196.2,-11289.4
1800.0,140.3,-11377.2,-11459.4
1800.0,102.3,-11536.1,-11607.1
1800.0,64.9,-11672.4,-11731.9
1800.0,18.7,-11785.6,-11833.5
1800.0,-33.5,-11875.3,-11911.2
1800.0,-86.2,-11941.1,-11964.9
1800.0,-134.4,-11982.6,-11994.2
1800.0,-180.5,-11999.6,-11998.8
1800.0,-219.7,-11991.7,-11978.4
1800.0,-264.9,-11958.8,-11932.8
1800.0,-305.6,-11900.6,-11862.1
1800.0,-347.3,-11817.2,-11766.0
1800.0,-390.4,-11708.4,-11644.5
1800.0,-384.1,-11574.3,-11497.7
1800.0,-498.8,-11414.9,-11325.7
1800.0,-481.4,-11230.3,-11128.6
1800.0,-551.2,-11020.8,-10906.7
1800.0,-588.8,-10786.5,-10660.1
1800.0,-574.6,-10527.7,-10389.3
1800.0,-633.2,-10244.9,-10094.5
1800.0,-645.6,-9938.3,-9776.3
1800.0,-665.8,-9608.6,-9435.2
1800.0,-695.4,-9256.2,-9071.7
1800.0,-719.0,-8881.8,-8686.5
1800.0,-737.5,-8486.0,-8280.2
1800.0,-725.9,-8069.5,-7853.7
1800.0,-758.8,-7633.1,-7407.7
1800.0,-784.3,-7177.6,-6943.1
1800.0,-826.7,-6704.1,-6460.8
1800.0,-864.1,-6213.3,-5961.8
1800.0,-886.8,-5706.4,-5447.2
1800.0,-902.8,-5184.3,-4918.0
1800.0,-923.8,-4648.3,-4375.4
1800.0,-941.7,-4099.5,-3820.7
1800.0,-961.3,-3539.1,-3255.0
1800.0,-977.5,-2968.4,-2679.6
1800.0,-983.8,-2388.7,-2095.9
1800.0,-984.5,-1801.4,-1505.3
1800.0,-973.3,-1207.8,-909.2
1800.0,-967.4,-609.5,-309.0
1800.0,-971.0,-7.8,293.8
1800.0,-969.3,595.7,897.7
1800.0,-974.2,1199.5,1501.0
1800.0,-935.6,1802.0,2102.3
1800.0,-912.0,2401.7,2700.0
1800.0,-886.6,2997.0,3292.5
1800.0,-861.7,3586.3,3878.2
1800.0,-823.3,4167.9,4455.4
1800.0,-781.0,4740.3,5022.6
1800.0,-731.0,5301.9,5578.1
1800.0,-676.0,5851.0,6120.4
1800.0,-619.3,6386.0,6647.8
1800.0,-569.3,6905.4,7158.8
1800.0,-505.4,7407.6,7651.8
1800.0,-446.9,7891.1,8125.4
1800.0,-399.9,8354.4,8578.0
1800.0,-347.8,8795.9,9008.1
1800.0,-309.8,9214.3,9414.4
1800.0,-259.4,9608.2,9795.5
1800.0,-203.4,9976.2,10150.1
1800.0,-162.6,10317.1,10477.0
1800.0,-132.9,10629.6,10774.8
1800.0,-86.8,10912.6,11042.6
1800.0,-37.3,11164.9,11279.3
1800.0,2.4,11385.7,11483.9
1800.0,58.6,11573.8,11655.5
1800.0,110.7,11728.6,11793.2
1800.0,150.9,11849.2,11896.5
1800.0,200.1,11935.0,11964.6
1800.0,241.8,11985.3,11997.1
1800.0,290.0,11999.8,11993.5
1800.0,345.1,11978.0,11953.5
1800.0,395.6,11919.8,11876.9
1800.0,447.1,11824.8,11763.6
1800.0,492.7,11693.2,11613.6
1800.0,499.7,11524.9,11427.1
1800.0,576.3,11320.2,11204.3
1800.0,603.8,11079.5,10945.7
1800.0,629.1,10803.0,10651.6
1800.0,618.9,10491.5,10322.7
1800.0,697.0,10145.5,9959.8
1800.0,699.7,9765.9,9563.8
1800.0,720.1,9353.6,9135.5
1800.0,758.8,8909.7,8676.2
1800.0,788.3,8435.3,8187.1
1800.0,808.1,7931.8,7669.5
1800.0,807.7,7400.5,7124.9
1800.0,833.0,6843.0,6554.9
1800.0,845.3,6260.9,5961.2
1800.0,879.3,5656.0,5345.5
1800.0,921.3,5030.0,4709.8
1800.0,953.2,4385.1,4056.1
1800.0,977.5,3723.2,3386.5
1800.0,993.9,3046.4,2703.2
1800.0,994.5,2357.1,2008.4
1800.0,998.5,1657.4,1304.5
1800.0,999.7,949.9,593.9
1800.0,1008.8,236.8,-121.0
1800.0,1007.6,-479.2,-837.5
1800.0,997.6,-1195.6,-1553.2
1800.0,982.9,-1909.9,-2265.5
1800.0,964.0,-2619.4,-2971.6
1800.0,935.9,-3321.6,-3669.0
1800.0,899.6,-4013.6,-4355.0
1800.0,856.4,-4692.9,-5027.0
1800.0,814.0,-5356.9,-5682.3
1800.0,766.7,-6002.9,-6318.3
1800.0,716.4,-6628.3,-6932.4
1800.0,658.2,-7230.5,-7522.2
1800.0,603.1,-7807.1,-8085.0
1800.0,548.3,-8355.6,-8618.5
1800.0,485.6,-8873.6,-9120.5
1800.0,431.4,-9358.9,-9588.5
1800.0,381.2,-9809.2,-10020.6
1800.0,338.4,-10222.5,-10414.6
1800.0,294.2,-10596.7,-10768.7
1800.0,262.0,-10930.2,-11081.0
1800.0,205.3,-11221.1,-11350.1
1800.0,164.0,-11467.8,-11574.3
1800.0,133.9,-11669.1,-11752.3
1800.0,111.9,-11823.7,-11883.1
1800.0,70.9,-11930.5,-11965.7
1800.0,23.4,-11988.6,-11999.2
1800.0,-31.0,-11997.4,-11983.2
1800.0,-81.5,-11956.4,-11917.1
1800.0,-131.2,-11865.3,-11800.9
1800.0,-187.0,-11724.0,-11634.6
1800.0,-222.5,-11532.7,-11418.4
1800.0,-295.8,-11291.8,-11152.9
1800.0,-315.5,-11001.8,-10838.6
1800.0,-352.9,-10663.5,-10476.6
1800.0,-406.8,-10278.1,-10068.0
1800.0,-417.9,-9846.7,-9614.2
1800.0,-477.3,-9370.8,-9116.7
1800.0,-492.3,-8852.2,-8577.4
1800.0,-529.6,-8292.7,-7998.3
1800.0,-565.6,-7694.5,-7381.7
1800.0,-589.5,-7060.0,-6729.9
1800.0,-610.9,-6391.7,-6045.8
1800.0,-625.8,-5692.4,-5332.0
1800.0,-659.8,-4964.9,-4591.6
1800.0,-681.3,-4212.4,-3827.8
1800.0,-699.9,-3438.2,-3044.0
1800.0,-717.0,-2645.6,-2243.6
1800.0,-732.1,-1838.3,-1430.2
1800.0,-741.5,-1019.9,-607.7
1800.0,-749.0,-194.2,220.2
1800.0,-718.1,634.9,1049.5
1800.0,-718.6,1463.4,1876.3
1800.0,-720.0,2287.4,2696.4
1800.0,-703.7,3102.7,3505.9
1800.0,-675.9,3905.3,4300.6
1800.0,-642.4,4691.1,5076.5
1800.0,-605.5,5456.1,5829.6
1800.0,-562.4,6196.3,6555.8
1800.0,-520.9,6907.7,7251.3
1800.0,-477.7,7586.4,7912.4
1800.0,-433.1,8228.8,8535.2
1800.0,-379.2,8831.2,9116.3
1800.0,-329.8,9390.1,9652.3
1800.0,-293.8,9902.3,10139.9
1800.0,-267.5,10364.8,10576.4
1800.0,-248.3,10774.5,10958.8
1800.0,-234.4,11128.9,11284.6
1800.0,-224.2,11425.6,11551.7
1800.0,-186.6,11662.6,11758.1
1800.0,-107.7,11837.9,11902.0
1800.0,-30.8,11950.2,11982.3
1800.0,21.1,11998.2,11997.8
1800.0,77.5,11981.0,11947.8
1800.0,130.9,11898.2,11832.2
1800.0,186.8,11749.7,11650.9
1800.0,238.6,11535.7,11404.3
1800.0,287.4,11256.7,11093.2
1800.0,319.4,10913.9,10718.9
1800.0,356.4,10508.4,10282.8
1800.0,403.9,10042.2,9786.9
1800.0,434.6,9517.2,9233.5
1800.0,495.0,8936.1,8625.3
1800.0,504.2,8301.5,7965.3
1800.0,521.4,7616.9,7256.9
1800.0,552.1,6885.7,6503.8
1800.0,579.7,6111.8,5710.2
1800.0,607.3,5299.4,4880.2
1800.0,631.7,4453.1,4018.7
1800.0,661.8,3577.6,3130.4
1800.0,689.6,2677.9,2220.6
1800.0,713.7,1759.3,1294.6
1800.0,726.2,827.2,357.9
1800.0,720.9,-112.7,-583.9
1800.0,712.2,-1054.8,-1524.8
1800.0,733.5,-1993.1,-2459.1
1800.0,732.1,-2921.8,-3380.7
1800.0,714.2,-3835.0,-4283.9
1800.0,685.5,-4726.6,-5162.5
1800.0,653.3,-5590.9,-6010.9
1800.0,616.4,-6422.0,-6823.3
1800.0,575.2,-7214.3,-7594.1
1800.0,529.9,-7962.2,-8318.0
1800.0,470.6,-8660.6,-8989.6
1800.0,422.4,-9304.4,-9604.3
1800.0,375.0,-9888.7,-10157.3
1800.0,329.0,-10409.3,-10644.4
1800.0,286.4,-10862.0,-11061.8
1800.0,255.3,-11243.3,-11406.0
1800.0,232.6,-11549.8,-11674.1
1800.0,216.1,-11778.8,-11863.5
1800.0,171.5,-11928.0,-11972.2
1800.0,111.1,-11995.7,-11998.7
1800.0,47.5,-11980.8,-11942.1
1800.0,-5.3,-11882.5,-11802.0
1800.0,-45.2,-11700.7,-11578.7
1800.0,-86.9,-11436.1,-11273.1
1800.0,-132.6,-11089.8,-10886.4
1800.0,-169.8,-10663.4,-10420.9
1800.0,-206.0,-10159.3,-9879.0
1800.0,-230.2,-9580.5,-9264.2
1800.0,-300.5,-8930.5,-8580.1
1800.0,-356.6,-8213.5,-7831.2
1800.0,-370.5,-7434.0,-7022.4
1800.0,-381.6,-6597.3,-6159.2
1800.0,-419.3,-5709.0,-5247.5
1800.0,-448.8,-4775.5,-4293.8
1800.0,-475.8,-3803.3,-3304.9
1800.0,-502.3,-2799.4,-2287.9
1800.0,-529.1,-1771.3,-1250.4
1800.0,-550.5,-726.5,-200.3
1800.0,-558.4,327.1,854.6
1800.0,-557.7,1381.2,1906.0
1800.0,-561.6,2427.8,2945.6
1800.0,-564.2,3458.4,3965.2
1800.0,-554.1,4464.9,4956.4
1800.0,-530.5,5438.9,5911.2
1800.0,-497.6,6372.5,6821.6
1800.0,-461.3,7257.7,7679.7
1800.0,-423.8,8086.9,8478.2
1800.0,-380.2,8852.9,9210.0
1800.0,-335.4,9548.9,9868.5
1800.0,-302.7,10168.4,10447.6
1800.0,-263.3,10705.6,10941.8
1800.0,-212.8,11155.4,11346.0
1800.0,-155.2,11513.1,11656.3
1800.0,-113.1,11775.0,11869.0
1800.0,-61.4,11937.9,11981.4
1800.0,-23.6,11999.5,11991.8
1800.0,20.8,11958.4,11899.1
1800.0,53.2,11814.0,11703.2
1800.0,72.9,11566.7,11404.8
1800.0,105.8,11217.7,11005.6
1800.0,137.3,10769.1,10508.3
1800.0,153.1,10224.0,9916.5
1800.0,171.8,9586.4,9234.4
1800.0,220.8,8861.2,8467.5
1800.0,245.5,8054.1,7621.9
1800.0,275.5,7171.7,6704.6
1800.0,307.5,6221.4,5723.3
1800.0,342.2,5211.3,4686.5
1800.0,371.7,4150.1,3603.4
1800.0,404.0,3047.4,2483.4
1800.0,432.4,1912.8,1336.9
1800.0,462.2,757.0,174.4
1800.0,468.0,-409.4,-993.2
1800.0,473.5,-1575.5,-2154.9
1800.0,476.6,-2730.0,-3299.4
1800.0,486.3,-3861.7,-4415.5
1800.0,476.8,-4959.4,-5492.2
1800.0,454.6,-6012.3,-6518.5
1800.0,428.3,-7009.4,-7483.9
1800.0,396.8,-7940.6,-8378.4
1800.0,359.2,-8796.0,-9192.3
1800.0,319.4,-9566.3,-9916.9
1800.0,285.6,-10243.1,-10544.0
1800.0,227.7,-10818.7,-11066.3
1800.0,189.1,-11286.2,-11477.7
1800.0,137.9,-11640.1,-11772.9
1800.0,100.5,-11875.6,-11947.8
1800.0,55.1,-11989.2,-11999.6
1800.0,20.0,-11978.7,-11926.5
1800.0,-15.0,-11842.9,-11728.2
1800.0,-54.8,-11582.3,-11405.6
1800.0,-101.4,-11198.5,-10961.2
1800.0,-130.5,-10694.3,-10398.5
1800.0,-169.2,-10074.3,-9722.5
1800.0,-211.8,-9343.9,-8939.5
1800.0,-250.7,-8510.2,-8057.1
1800.0,-273.4,-7581.3,-7084.0
1800.0,-313.5,-6566.4,-6030.1
1800.0,-346.5,-5476.2,-4906.4
1800.0,-374.2,-4322.0,-3724.7
1800.0,-402.6,-3116.1,-2497.8
1800.0,-431.0,-1871.6,-1239.2
1800.0,-457.3,-602.3,37.3
1800.0,-470.3,677.7,1317.1
1800.0,-478.1,1953.8,2585.7
1800.0,-459.8,3211.2,3828.3
1800.0,-467.5,4435.2,5030.1
1800.0,-457.6,5611.3,6176.9
1800.0,-433.4,6725.2,7254.5
1800.0,-400.5,7763.3,8249.7
1800.0,-367.1,8712.4,9149.9
1800.0,-327.8,9560.6,9943.3
1800.0,-296.9,10296.7,10619.6
1800.0,-258.1,10910.8,11169.4
1800.0,-229.8,11394.3,11584.9
1800.0,-209.1,11740.2,11859.8
1800.0,-174.3,11943.0,11989.5
1800.0,-148.8,11998.9,11971.0
1800.0,-91.0,11905.8,11803.2
1800.0,-24.1,11663.5,11486.9
1800.0,31.9,11273.9,11024.8
1800.0,91.5,10740.4,10421.4
1800.0,147.3,10068.6,9683.1
1800.0,203.0,9265.9,8818.2
1800.0,246.5,8341.4,7836.9
1800.0,281.1,7306.1,6750.7
1800.0,307.4,6172.4,5573.0
1800.0,349.3,4954.4,4318.5
1800.0,383.7,3667.4,3003.1
1800.0,417.9,2327.8,1643.8
1800.0,443.8,953.2,258.4
1800.0,459.5,-438.3,-1134.6
1800.0,462.1,-1828.1,-2516.5
1800.0,460.5,-3197.2,-3868.0
1800.0,467.0,-4526.6,-5170.7
1800.0,457.9,-5797.7,-6405.8
1800.0,435.6,-6992.4,-7555.7
1800.0,404.4,-8093.3,-8603.4
1800.0,369.9,-9084.1,-9533.5
1800.0,329.9,-9949.8,-10331.5
1800.0,300.6,-10677.1,-10985.1
1800.0,265.4,-11254.3,-11483.5
1800.0,239.6,-11671.7,-11818.1
1800.0,204.3,-11921.9,-11982.6
1800.0,163.9,-11999.7,-11973.1
1800.0,119.5,-11902.5,-11788.2
1800.0,87.1,-11630.1,-11428.9
1800.0,53.1,-11185.0,-10899.1
1800.0,14.4,-10572.2,-10205.2
1800.0,-26.6,-9799.4,-9356.1
1800.0,-78.9,-8876.8,-8363.2
1800.0,-116.3,-7817.0,-7240.3
1800.0,-144.6,-6635.0,-6003.4
1800.0,-218.6,-5347.8,-4670.6
1800.0,-261.1,-3974.4,-3261.6
1800.0,-295.0,-2535.1,-1797.7
1800.0,-318.5,-1052.1,-301.2
1800.0,-341.4,451.9,1204.4
1800.0,-358.2,1953.2,2695.5
1800.0,-365.8,3428.1,4148.1
1800.0,-351.2,4852.5,5538.5
1800.0,-355.6,6203.2,6843.8
1800.0,-341.5,7457.5,8041.9
1800.0,-322.1,8594.4,9112.5
1800.0,-299.6,9593.9,10036.6
1800.0,-267.2,10438.5,10797.8
1800.0,-243.6,11112.7,11381.8
1800.0,-209.1,11603.8,11777.4
1800.0,-167.1,11901.8,11976.1
1800.0,-136.5,12000.0,11972.9
1800.0,-114.1,11894.9,11766.0
1800.0,-72.5,11586.5,11357.0
1800.0,-26.2,11078.3,10751.3
1800.0,27.1,10377.2,9957.5
1800.0,73.7,9493.7,8987.8
1800.0,118.1,8441.7,7857.6
1800.0,162.2,7238.0,6585.5
1800.0,207.6,5902.8,5192.8
1800.0,257.7,4458.5,3703.2
1800.0,299.0,2930.1,2142.6
1800.0,332.8,1344.3,538.7
1800.0,355.4,-270.5,-1079.7
1800.0,369.3,-1885.2,-2683.3
1800.0,367.8,-3470.1,-4242.2
1800.0,368.0,-4995.8,-5727.4
1800.0,370.7,-6433.3,-7110.3
1800.0,353.5,-7755.1,-8364.3
1800.0,325.0,-8935.0,-9464.4
1800.0,299.1,-9949.8,-10388.5
1800.0,266.5,-10778.4,-11117.3
1800.0,242.7,-11403.4,-11635.1
1800.0,225.4,-11810.9,-11929.9
1800.0,212.8,-11991.1,-11994.1
1800.0,176.9,-11938.5,-11824.3
1800.0,129.0,-11651.8,-11421.7
1800.0,77.2,-11134.8,-10792.2
1800.0,17.9,-10395.5,-9946.4
1800.0,-39.3,-9446.8,-8899.1
1800.0,-89.1,-8305.8,-7669.6
1800.0,-132.9,-6993.7,-6281.3
1800.0,-184.0,-5535.8,-4760.9
1800.0,-228.8,-3960.5,-3138.6
1800.0,-269.2,-2299.2,-1446.7
1800.0,-303.2,-585.3,280.2
1800.0,-330.9,1145.7,2006.5
1800.0,-350.5,2858.0,3695.8
1800.0,-353.7,4515.2,5312.1
1800.0,-346.3,6081.9,6820.5
1800.0,-341.3,7523.6,8187.6
1800.0,-328.5,8808.6,9383.0
1800.0,-306.8,9907.4,10379.0
1800.0,-283.8,10794.8,11152.4
1800.0,-252.8,11449.4,11684.1
1800.0,-230.1,11854.8,11960.3
1800.0,-213.6,11999.7,11972.5
1800.0,-201.6,11878.6,11718.2
1800.0,-163.6,11491.8,11200.5
1800.0,-108.5,10845.6,10428.9
1800.0,-41.8,9952.3,9418.5
